1682   1778   1857   1761   1970   2005   1976   1935   2095   1877   1558   1963   1931   1832   2108   1945   1801   1704   1787   1856   1759   1671   1998   1854   1789   1988   2052   1864   2051   1749   1841   1657   2060   1997   1921   2055   1762   1822   1883   1971   1746   1952   1798   1978   1880   1930   2068   2211   1940   1860   1903   2155   1930   1847   1971   1798   2274   1871   1899   1929   2055   1741   2003   1930   1933   1966   2066   2000   2001   1868   2013   1776   1836   2049   2040   1804   1758   1642   1705   1657   1854   2041   1991   1591   1885   2112   1859   1729   2153   1910   1844   1998   2122   2190   2221   1684   1780   1645   1912   1728   

1936   2039   1999   2052   2184   2177   2119   2142   2337   2184   1662   1992   1856   2162   2265   2046   2040   1829   2069   2068   1989   1901   2143   1756   2103   2254   2214   2098   2054   1935   1810   1826   2235   2019   2157   2330   1923   1976   2095   2074   2016   2026   1789   2136   1921   2125   2340   2405   2068   2081   2006   2320   2112   1914   1854   2001   2170   2147   2077   1932   2206   1768   2172   2119   2140   2183   2198   2171   2082   1969   2212   1835   2026   2047   2184   1908   1952   1805   1956   2063   2185   2264   2238   1786   2010   2140   1990   1924   2228   2126   2001   2120   2449   2338   2229   1837   1908   2008   2121   1993   

1842   1767   1945   1933   2007   1887   1781   1812   2243   2036   1612   2011   1943   2025   1944   1882   1824   1597   1933   1779   1835   1802   1993   1582   1845   2135   2079   1891   1818   1996   1772   1689   1982   1777   2187   2053   1800   1663   1982   1897   1828   1906   1761   1884   1760   1964   2141   2243   2048   2082   1805   2165   1926   1836   1867   1809   2230   1931   1972   1760   2117   1691   2083   1828   1858   1913   1960   2018   2052   1966   1997   1809   1911   1864   1996   1778   1826   1734   1600   1895   1880   2109   2133   1719   1911   1934   1899   1662   2090   2011   1878   1943   2087   2068   2098   1787   1992   1773   1950   1721   

2093   1929   2111   1995   2236   2217   2225   2079   2329   2128   1780   2190   1897   2364   2080   2136   2141   1763   2005   2027   1970   1813   1975   1946   1957   2074   2214   1984   2083   1958   1947   2002   2069   1999   2245   2210   2029   1982   2185   2104   1999   2106   2028   2253   1839   2078   2144   2201   2107   2141   2076   2220   2256   1754   2062   1898   2150   2304   1885   2107   2058   1918   2263   1992   2254   2067   2294   2107   2265   2114   2254   2068   1790   2202   2263   1850   1869   1618   1852   1974   2132   2350   2209   1838   2120   2249   1972   1922   2280   2233   1992   2254   2351   2192   2140   1960   1985   2062   2238   1996   

2056   2226   2122   2126   2310   2368   2231   2178   2602   2288   1865   2122   2216   2222   2406   2336   2046   1915   2137   2179   2051   2094   2248   2040   2062   2408   2309   2092   2295   2187   2147   1971   2378   2199   2306   2384   2082   2185   2413   2143   2112   2231   2072   2182   2039   2146   2306   2650   2171   2149   2218   2474   2420   2058   2208   2114   2340   2205   2150   2196   2249   1952   2393   2190   2286   2160   2296   2201   2425   2017   2539   2176   2073   2280   2409   2203   2132   2087   2248   2048   2226   2499   2270   1801   2195   2464   1930   2032   2382   2320   2130   2325   2576   2270   2512   2034   2254   2211   2246   1996   

2154   2122   2308   2259   2375   2481   2239   2322   2549   2491   2024   2340   2340   2543   2344   2448   2193   2012   2288   2339   2241   2078   2369   2148   2203   2420   2595   2440   2419   2396   2153   2127   2421   2146   2451   2546   2169   2217   2512   2269   2229   2446   2077   2479   2190   2366   2604   2726   2192   2381   2117   2575   2394   2192   2343   2110   2385   2314   2166   2197   2482   2220   2537   2244   2422   2168   2500   2454   2534   2302   2346   2316   2221   2399   2532   2286   2226   2122   2140   2278   2392   2582   2326   1969   2290   2582   2319   2125   2495   2400   2311   2357   2649   2671   2619   2101   2260   2302   2408   2139   

2203   2186   2413   2220   2440   2496   2366   2137   2575   2202   1691   2230   2281   2342   2390   2286   2233   1970   2214   2101   2161   2109   2189   2075   2154   2372   2332   2332   2321   2301   2200   2026   2418   2030   2390   2296   2119   2153   2384   2209   2175   2216   2020   2431   2086   2303   2413   2814   2138   2322   2183   2554   2214   2204   2310   2197   2476   2321   2261   2181   2363   2052   2447   2139   2302   2182   2384   2491   2401   2169   2358   2174   2272   2292   2577   2234   2069   1941   2127   2097   2383   2499   2636   1878   2271   2435   2256   1936   2479   2363   2140   2364   2647   2562   2512   2128   2198   2256   2252   2008   

1855   1824   2021   1886   2097   2170   2178   1971   2227   2022   1645   2227   2029   2127   2149   2052   2025   1789   2043   1871   1815   1850   1943   2057   1994   2291   2332   2056   2140   2003   1836   1783   2035   1983   2072   2153   1864   1915   2196   1981   1918   1977   1982   2176   1870   2080   2265   2351   1867   2077   1954   2181   1938   1806   2113   2097   2227   2120   1817   1963   2034   1861   2202   1861   2091   2044   2144   2023   2063   1959   2195   1893   1835   2102   2184   1794   1975   1660   1763   1752   2144   2358   2050   1687   2021   2150   1938   1759   2144   2000   1945   2210   2341   2182   2350   1860   1858   2014   1980   1932   

2330   2342   2236   2433   2495   2456   2474   2445   2639   2447   2095   2506   2208   2442   2523   2469   2439   2117   2387   2198   2259   2241   2405   2262   2388   2641   2576   2524   2463   2417   2242   2263   2561   2273   2720   2607   2194   2116   2606   2504   2272   2241   2265   2521   2066   2497   2620   2869   2448   2458   2310   2665   2388   2195   2385   2259   2495   2467   2368   2280   2476   2094   2495   2313   2580   2439   2481   2459   2386   2398   2614   2406   2263   2537   2565   2256   2409   2205   2188   2386   2450   2689   2549   2209   2350   2598   2345   2140   2555   2479   2266   2509   2768   2622   2594   2233   2406   2263   2476   2227   

2047   1853   1829   1993   1964   1877   1902   1792   2167   1865   1474   1832   1834   1956   2004   1975   1828   1672   1831   1682   1706   1910   1929   1493   1766   2094   2186   1772   1952   1974   1594   1605   2039   1810   1981   2012   1801   1885   2042   1838   1815   1917   1700   1892   1864   1949   2057   2204   1897   1898   1756   2022   1982   1638   1754   1878   2041   1908   1719   1676   1937   1674   1994   1724   1913   1818   1947   2009   1963   1842   2128   1829   1830   1899   2204   1829   1876   1898   1679   1791   2017   2154   2023   1588   1910   2002   1808   1810   2135   1948   1971   2076   2247   2181   2094   1796   1911   1864   1839   1792   

1961   1943   1761   1926   2016   1892   2114   2027   2116   2038   1631   1954   1743   1981   2153   2045   2002   1771   2037   1764   1778   1778   1900   1782   1736   2228   2103   1977   2080   1895   1740   1904   2071   1850   2093   2204   1920   1963   2201   1918   1929   1910   1911   2093   1694   2014   2050   2391   1937   2019   1971   2079   1927   1878   2018   1769   2105   2148   1968   1842   2151   1811   1831   1839   2221   2007   2087   1878   1900   2058   2137   1888   1908   2100   2048   1842   2002   1726   1987   2074   2106   2349   2041   1855   1915   1877   1855   1785   2110   1917   1944   1934   2323   2245   2245   1923   1893   1804   1956   1858   

2300   2243   2353   2281   2464   2217   2304   2150   2635   2470   1773   2397   2409   2328   2410   2319   2182   2126   2264   2165   2025   2113   2298   2102   2157   2522   2408   2307   2258   2386   2261   2166   2387   2224   2474   2497   2194   2081   2376   2346   2145   2301   2031   2118   2122   2191   2576   2702   2243   2380   2168   2457   2169   2275   2247   2089   2479   2410   2397   2318   2373   1967   2581   2200   2381   2191   2269   2469   2531   2116   2360   2256   2187   2255   2431   2145   2114   2245   2164   2037   2476   2477   2409   1961   2341   2441   2244   2146   2464   2346   2249   2533   2739   2444   2486   2134   2265   2169   2325   2251   

2030   2063   2039   2210   2337   2457   2215   2102   2600   2152   1805   2095   2214   2433   2375   2271   2228   1836   2155   1981   2013   1895   2159   1836   2048   2354   2188   2262   2156   2232   2033   1963   2223   2041   2467   2399   2046   2053   2238   2118   2079   2085   2057   2329   1935   2190   2452   2621   2340   2113   2211   2292   2136   2029   2189   2088   2368   2271   2077   2099   2251   1910   2314   2217   2275   2234   2383   2250   2254   2192   2101   2136   2048   2094   2360   1941   2188   2050   1770   2046   2127   2424   2246   1776   2201   2274   2113   2038   2439   2238   2126   2307   2506   2477   2489   1834   2276   2280   2271   2134   

1849   1901   1930   2071   2051   2083   1995   2102   2198   2076   1662   2161   1955   2031   2111   2043   2040   1769   1806   1874   1675   1844   2138   1734   1967   2189   2275   2024   2086   2069   1951   1762   2252   2020   2072   2223   1778   2072   1867   1967   1932   2166   1916   2200   1901   1963   2189   2426   2160   1892   2050   2210   1999   1867   2060   1989   2138   2060   1906   1982   2148   1848   2154   1910   2078   2010   1987   2202   2045   2070   2061   2002   1932   2081   2188   1854   1951   2033   1790   1842   2011   2340   2101   1778   2121   2236   1998   2098   2059   2093   2064   2031   2396   2396   2179   1847   1812   1831   2165   1888   

1917   1868   1898   1864   1947   1979   1956   1856   2294   2008   1615   1977   1757   1912   2005   1946   1901   1799   1928   1780   1796   1959   1980   1733   1755   2107   1990   1896   1903   1977   1780   1769   2094   1808   2029   1891   1794   1737   1906   1873   1839   1934   1815   1966   2013   1917   2065   2138   1994   1884   1853   2197   1857   1823   1888   1855   2194   1917   1945   1802   2130   1814   2223   1974   1855   1951   2053   1965   1996   1914   1970   1977   1897   1958   1911   1772   1852   1746   1786   1793   2068   2109   2063   1680   1822   2116   1835   1734   2117   2102   1964   2213   2205   2189   2085   1857   1918   1875   2065   1785   

2194   1916   1933   2066   2106   2243   1995   1901   2374   1890   1617   1928   1874   2048   2054   2062   1968   1874   1897   1848   1727   1823   1969   1687   1971   2172   2225   2018   2009   2021   1785   1745   2005   2049   2155   2072   1838   2022   2045   1960   1843   1973   1862   1948   1842   2013   1986   2347   1870   2126   1992   2081   2155   1736   1874   1889   2091   2200   1803   1887   2001   1730   2101   1749   2038   2089   2080   2194   2023   1971   2178   1915   1836   2162   2159   1995   1980   1786   1642   1861   2078   2185   1985   1634   2112   2059   1878   1821   2257   1976   1984   2060   2291   2320   2146   1648   1899   2006   1874   1778   

1780   1730   1983   1970   1812   1969   1916   2034   2020   2009   1482   2065   1959   2090   2050   1817   1817   1809   1995   1941   1720   1733   1924   1753   1827   2062   2051   1828   1936   2010   1711   1844   2093   1789   1843   2084   1813   1747   2018   1902   1929   1832   1724   2037   1788   1843   2026   2158   1881   1871   1742   2084   1892   1908   1970   1974   2061   1886   1825   1624   2134   1699   2081   1808   2140   1839   2132   2009   2127   1753   2032   1785   1802   1953   1832   1748   1778   1732   1661   1772   1931   2124   1938   1614   1866   1938   1903   1696   1953   2051   1809   2053   2199   2107   2235   1811   1896   1787   1899   1867   

2144   2117   2361   2254   2379   2325   2215   2156   2658   2266   1840   2258   2032   2310   2293   2200   2382   2078   2139   2056   2058   2097   2366   1992   2329   2296   2341   2231   2296   2266   2171   2028   2382   2242   2355   2400   2157   2021   2185   2263   2130   2324   1979   2265   2226   2258   2372   2517   2270   2097   2157   2353   2389   1984   2262   2056   2368   2339   2169   2077   2331   2006   2420   2075   2294   2163   2456   2320   2360   2252   2333   2280   2203   2300   2450   2012   1944   1975   1984   2072   2347   2540   2418   1917   2295   2441   2176   2122   2464   2377   2137   2415   2631   2576   2435   2059   2183   2124   2190   2061   

1680   1891   1748   1841   2088   2010   1915   1927   2188   2071   1702   1859   1784   1990   2033   1973   1970   1730   1925   1830   1701   1681   1941   1805   1893   2004   2023   1895   1926   1964   1833   1682   2060   1810   1907   2052   1715   1831   2017   1745   1798   1887   1843   1991   1716   1941   1970   2246   1954   1879   1842   2165   1981   1840   1986   1767   1978   1860   1842   1987   1972   1939   2151   1899   1885   1918   1963   1929   2000   1909   1978   1814   1862   1941   2039   1743   1912   1621   1597   1690   1907   2126   2029   1617   1856   2015   1763   1716   2127   2016   1981   2051   2341   2075   2092   1590   2000   1969   1915   1770   

1906   1731   1857   2074   1975   1695   1927   1766   2263   2060   1562   2003   1809   1993   1882   1853   1885   1699   1875   1866   1685   1831   1757   1752   1931   2125   2094   2006   1901   2022   1655   1816   2089   1751   1987   1998   1774   1916   2044   1922   1835   1958   1876   1928   1696   1888   2096   2196   1881   1924   1823   1938   1812   1719   1987   1800   1955   2029   1867   1866   2122   1753   2027   1929   2073   1806   1926   2060   2005   1785   1967   1868   1825   1862   1985   1765   1799   1669   1705   1855   2102   2007   2069   1672   1866   1947   1751   1632   1889   1883   1762   2013   2161   2125   2036   1722   1876   1821   1897   1836   

1633   1699   1608   1788   1805   1747   1733   1715   1894   1730   1517   1669   1540   1760   1756   1707   1707   1518   1689   1608   1504   1410   1805   1615   1695   1711   1812   1784   1861   1774   1713   1630   1832   1624   1773   1953   1533   1623   1664   1790   1678   1739   1662   1737   1659   1731   1854   1928   1881   1575   1758   1828   1680   1626   1984   1573   1816   1807   1692   1640   1839   1453   1773   1592   1722   1764   1800   1884   1758   1794   1813   1648   1835   1799   1697   1536   1736   1494   1380   1631   1639   1854   1713   1468   1656   1849   1632   1760   1710   1920   1654   1783   1952   1913   1916   1585   1700   1624   1890   1478   

2129   2167   2260   2308   2537   2395   2369   2235   2588   2386   1844   2506   2080   2405   2341   2335   2353   2040   2410   1989   2209   2218   2220   2263   2306   2511   2379   2224   2391   2318   2285   2067   2678   2297   2367   2193   2140   2154   2476   2145   2106   2122   2121   2617   2102   2262   2361   2636   2299   2291   2165   2320   2375   2178   2351   2170   2373   2364   2371   2308   2534   2203   2468   2352   2481   2178   2376   2254   2400   2277   2390   2097   2315   2293   2503   2134   2103   1929   2048   1999   2481   2816   2552   1958   2300   2397   2022   2101   2356   2483   2182   2475   2717   2542   2666   2131   2153   2239   2236   2233   

1969   1910   1982   1978   2011   2096   1981   2127   2237   1988   1712   2107   1878   1878   2192   1920   1976   1771   2092   1984   1837   1674   2056   1884   2012   2100   2153   1928   2168   2073   1890   1737   2029   2009   2036   2164   1752   2042   2161   1906   1861   1976   1797   2005   1766   1969   2140   2478   2059   1944   2087   2181   2032   1963   2057   1766   2207   2049   1986   1807   2118   1795   2299   1942   2170   1950   2180   2194   2025   1993   2243   1911   2020   2232   2260   1853   1851   1700   1815   1746   1988   2115   2005   1704   1973   2073   1940   1778   2207   2051   1980   2014   2380   2123   2326   1766   2029   1975   2100   1689   

2143   2233   2329   2393   2354   2414   2296   2174   2609   2439   1749   2364   2349   2474   2358   2290   2348   2081   2314   2124   2071   2111   2229   2312   2215   2382   2500   2239   2417   2294   2255   2101   2409   2158   2334   2345   1986   2111   2257   2298   2263   2346   2189   2433   2096   2184   2502   2582   2274   2269   2184   2447   2203   2162   2294   2273   2379   2434   2207   2355   2457   2110   2424   2334   2427   2281   2474   2343   2430   2278   2392   2105   2368   2373   2355   2073   2202   1972   2103   2068   2438   2653   2428   1927   2299   2397   2224   2080   2422   2437   2238   2487   2674   2574   2515   2067   2168   2207   2222   2304   

2040   2060   2123   2228   2094   2178   2064   1966   2227   2130   1655   2102   2207   2173   2159   2194   1959   1932   2007   2077   1900   1945   2015   1963   1883   2205   2296   2067   2095   2228   2005   2060   2224   1977   2241   2334   1886   1769   2119   2160   2005   2158   1965   2205   1952   2084   2341   2456   2065   2110   2113   2216   1934   2130   2116   2138   2330   2139   2020   1987   2291   1711   2195   2218   2254   2252   2203   2110   2263   2160   2252   1992   2086   2187   2279   1933   2029   1860   1990   1945   2063   2376   2160   1709   2187   2292   1827   1890   2252   2204   2061   2118   2495   2297   2444   1974   2051   2018   2118   1914   

1997   1968   1996   2123   2263   2246   1950   2055   2269   2108   1594   2010   1926   2092   2180   2013   1931   1883   2106   2046   1875   1787   2003   1921   1973   2362   2261   1978   2138   2027   2008   2092   2227   1920   2170   2252   1809   2109   2093   2094   1940   1998   1980   2171   1801   1911   2249   2365   2011   1987   1848   2153   1969   1893   2238   1929   2140   2095   2071   2003   2269   1792   2085   2200   2163   1990   2273   2010   2096   2033   2076   1955   2224   2187   2157   1818   1966   1786   1803   1968   2047   2219   1980   1621   2070   2178   1933   1930   2081   2136   1996   2045   2354   2146   2294   1783   1900   1876   2028   1912   

2060   2162   1958   2207   2190   2160   2041   1976   2526   2141   1766   2140   2250   2228   2341   2151   2134   1937   2217   1716   1999   1847   2167   1954   2096   2290   2331   2094   2223   2184   2238   1919   2326   1946   2247   2399   1914   2026   2287   2036   2149   2074   2214   2136   1941   2243   2284   2560   2236   2074   2186   2327   2008   2056   2263   2048   2449   2265   2104   2118   2278   2011   2142   2061   2207   2146   2226   2257   2201   2094   2238   2012   2172   2224   2389   2062   2118   1957   1900   1889   2230   2369   2304   1774   2015   2252   2031   1936   2371   2124   2078   2250   2494   2349   2426   1922   2081   2196   2060   2091   

2133   2342   2190   2360   2346   2417   2176   2289   2601   2345   1946   2455   2258   2288   2587   2189   2297   1980   2316   2136   2095   2129   2416   2245   2195   2598   2514   2082   2304   2177   2182   2053   2346   2278   2286   2555   2005   2210   2410   2165   2263   2362   2158   2343   2021   2171   2458   2851   2281   2488   2132   2585   2316   2267   2471   2166   2500   2511   2152   2209   2360   1942   2339   2224   2545   2280   2282   2297   2338   2172   2456   2105   2170   2268   2326   2129   2149   2076   2143   2042   2295   2508   2271   1959   2214   2431   2232   1969   2280   2277   2336   2326   2502   2414   2487   2083   2134   2240   2376   2279   

2003   2089   2035   2029   2104   2052   2029   1907   2238   2208   1730   2057   1948   2036   2103   2049   1979   1660   2128   1858   1810   1898   2016   1984   1913   2100   2168   2032   2127   2089   2030   1736   2180   1884   2008   2064   1775   1889   2037   1972   2112   2104   1864   2048   1874   2053   2122   2288   2199   1896   1861   2355   1978   1858   2075   1891   2221   2015   2203   2007   2226   1814   2035   2003   2145   1948   2033   2045   2127   2073   2051   1820   1956   2065   1998   1938   1886   1732   1910   1938   2047   2263   2280   1790   1907   2187   1859   1786   2043   2139   1930   2221   2083   2150   2357   1805   1879   1815   2006   1843   

2108   2042   2257   2184   2224   2151   2156   1996   2409   2174   1863   2123   2069   2260   2164   2221   2046   1898   2078   2081   1982   2119   2041   2044   1970   2267   2151   2189   2202   2139   2095   1937   2258   1932   2418   2212   2060   1952   2300   2022   2023   2138   2145   2153   2125   2203   2320   2483   2102   2011   2167   2270   2159   2044   2166   2111   2323   2213   2152   2133   2283   1955   2408   2119   2239   2037   2351   2177   2233   2175   2316   2067   2060   2083   2367   2032   1943   1959   1974   2040   2128   2383   2360   1764   2131   2378   1923   1977   2403   2267   2058   2295   2394   2201   2543   1927   2054   2119   2051   2025   

2121   2007   2306   2265   2305   2279   2265   2219   2604   2326   1885   2304   2304   2206   2440   2297   2182   1965   2281   2139   2064   2018   2334   2184   2308   2478   2445   2178   2327   2214   2240   2021   2392   2194   2421   2546   2242   2207   2364   2359   2325   2358   2133   2264   2170   2263   2394   2632   2338   2180   2248   2497   2253   2047   2168   2142   2580   2172   2289   2298   2409   2033   2553   2161   2259   2276   2277   2363   2464   2227   2406   2231   2156   2292   2377   2172   2224   2052   2084   2123   2362   2517   2382   1891   2363   2438   2191   2110   2586   2185   2218   2373   2567   2386   2546   1955   2233   2074   2334   2116   

1833   1970   2028   2125   2141   2112   2101   1999   2437   2081   1720   2155   1930   2105   2184   1992   1995   1816   1994   1835   1839   1955   1899   1998   1957   2176   2039   2059   2059   1999   1762   1754   2184   1996   2121   2139   1751   1893   2113   1887   1809   1742   1907   2110   1793   2026   2034   2618   1967   2176   2016   2151   2040   2059   2118   1923   2161   2267   1986   1915   2049   1847   2188   1877   2174   2030   2011   2170   2173   2038   2090   1924   2036   1992   2238   1698   2081   1729   1774   1796   2092   2410   2120   1665   2033   2078   1891   1771   2238   2068   1918   2201   2462   2191   2394   1800   2072   1958   1960   1929   

1942   1943   1997   2133   2211   2193   2113   2016   2464   2175   1984   2095   1758   2229   2212   2082   2114   1855   2134   1866   1840   1898   2124   2031   1833   2307   2221   1941   2182   1925   2032   1962   2091   2043   2144   2172   2078   1889   2040   2077   2113   1877   1825   2246   1993   2218   2043   2364   1974   2257   2026   2294   2199   2018   2134   1967   2171   2083   2081   2200   2253   1847   2337   1835   2176   2059   2134   2230   2084   2178   2194   1962   2102   2049   2106   1921   1919   1942   1788   2002   2205   2299   2280   1788   2071   2030   1946   2115   2170   2226   2009   2133   2448   2334   2245   1952   1968   1924   2110   2053   

1883   1886   1848   1952   2015   1994   2122   1999   2306   2125   1706   2077   1872   2074   1903   1895   1815   1659   1891   1927   1750   1773   1921   1847   1912   1991   2215   2014   2078   2093   1870   1697   2263   1836   2005   2191   1875   1846   2068   1975   1906   2016   2069   2074   1950   1800   2084   2239   2030   1827   1887   2190   1935   1767   2079   1874   2003   1964   1984   1887   2219   1913   2017   1867   2102   1943   1924   2032   2222   1919   2063   1900   1907   2090   1936   1799   1859   1774   1714   1926   2030   2169   2036   1584   2082   2103   1846   1787   2248   1964   1856   2028   2109   2135   2135   1757   1894   1680   1990   1928   

1876   1943   1855   2086   1967   2073   1923   1737   2248   2057   1591   2064   1986   2169   1978   1936   1838   1771   1912   1839   1662   1758   1948   1835   1935   2078   1977   1837   2018   1887   1826   1780   1934   1976   2087   1999   1747   1665   1975   1979   2002   1985   1721   2023   1900   1979   2021   2173   1861   2013   1912   2049   2021   1695   2045   1953   2149   1896   1876   1772   2135   1698   2023   1868   2128   1988   2034   2096   1957   1952   1960   1875   1831   2004   1979   1689   1740   1669   1782   1867   1910   2179   1928   1609   1930   1955   1888   1780   2051   2166   1678   1941   2350   2035   2114   1827   1758   1817   1887   1826   

1930   1916   2161   2060   2158   2139   2268   2130   2346   2367   1749   2241   2077   2230   2210   2090   2101   1775   2038   1996   1888   2023   2096   1944   1954   2252   2235   2090   2160   2206   1945   1872   2252   2111   2295   2240   2034   1908   2120   2082   1957   2221   1922   2155   2110   2172   2247   2574   2062   2200   2037   2303   2051   2012   2230   2009   2464   2211   2121   2028   2359   1979   2458   2079   2181   2123   2163   2289   2314   2122   2202   1979   2138   1920   2200   1813   2108   1917   1747   1993   2221   2390   2220   1896   2182   2297   2102   2133   2451   2261   2164   2174   2482   2450   2378   1982   2000   1872   2193   2097   

2096   2217   2164   2422   2478   2349   2383   2301   2568   2397   1858   2375   2261   2511   2467   2369   2322   2159   2331   2184   2011   2049   2295   2238   2283   2489   2458   2264   2444   2285   2196   2184   2630   2139   2416   2517   2194   2303   2425   2385   2256   2300   2222   2477   2054   2193   2316   2755   2349   2340   2271   2592   2282   2231   2488   2267   2484   2474   2427   2296   2491   2082   2415   2404   2466   2243   2289   2531   2462   2160   2376   2185   2257   2295   2501   2191   2258   2074   2142   2154   2454   2643   2467   2059   2264   2534   2084   2163   2310   2337   2244   2371   2690   2550   2595   2137   2335   2210   2285   2186   

1956   1846   2182   2217   2360   2233   1991   1971   2290   2022   1744   2011   2059   2144   2175   2215   2036   1944   2137   1929   1905   1909   2044   2046   2084   2293   2184   2054   2099   2068   2075   1891   2326   1846   2281   2205   2068   1926   2293   2011   1985   2019   1954   2250   1994   1986   2134   2432   2087   1885   1889   2453   1996   2067   2117   1977   2211   2140   2273   2081   2203   1915   2362   2195   2146   1913   2338   2188   2257   1985   2135   2054   2007   2101   2283   1983   2006   1668   1922   1863   2110   2241   2133   1851   1967   2288   1955   1873   2204   2232   2051   2341   2441   2246   2374   1928   2057   2075   2195   1939   

2168   2190   1940   2167   2204   2165   2206   2095   2462   2142   1856   2210   1816   2094   2232   2139   2237   1907   2041   1913   1804   1965   2124   1890   1995   2278   2279   1982   2350   2195   1954   1966   2297   2105   2146   2088   2102   1964   2206   2150   2026   1989   2109   2305   2060   2203   2132   2448   2009   1946   2024   2228   2100   2000   2097   2056   2120   2236   2066   2047   2257   1841   2252   2101   2351   2191   2350   2221   2020   2004   2366   2096   2105   2303   2216   2033   1926   1999   1858   2113   2125   2342   2180   1916   2106   2229   1932   1957   2282   2229   2120   2269   2444   2340   2363   2052   2015   1895   2154   1949   

1870   1677   1805   1934   1961   1990   1883   1680   2092   1918   1587   1972   1753   1877   1879   1769   1823   1520   1880   1730   1637   1665   1643   1759   1663   1877   1949   1746   1796   1926   1789   1580   1805   1698   1895   1943   1496   1745   1895   1836   1770   1804   1712   1875   1651   1922   1793   2074   1839   1855   1806   1988   2011   1646   1888   1906   2121   1893   1576   1781   1804   1602   1830   1714   1756   1851   1874   1870   1796   1867   1964   1619   1738   1764   1944   1644   1663   1574   1577   1656   1977   2119   2065   1484   1828   2057   1654   1792   1912   2085   1796   1991   2219   2037   1838   1579   1641   1770   1792   1684   

2043   2122   2095   2182   2295   2296   2233   2127   2560   2249   1988   2244   1981   2244   2311   2240   2228   2109   2196   1975   2058   2104   2228   2061   2103   2298   2464   2061   2313   2202   2209   1981   2286   2058   2306   2348   2202   2059   2316   2218   2044   2114   2140   2373   2165   2266   2261   2563   2242   2214   2105   2493   2140   2027   2244   1936   2299   2380   2124   2217   2269   2124   2406   2086   2260   2215   2312   2428   2256   2259   2328   2314   2120   2334   2468   2173   2031   1866   2025   2022   2300   2541   2391   1891   2277   2333   2166   2055   2367   2197   2115   2268   2534   2448   2435   2090   2150   2135   2225   2174   

1922   2009   2139   2124   2139   2133   2174   2224   2259   2200   1632   2208   2086   2176   2247   2026   2147   1780   2215   1951   1990   1983   2081   2114   2130   2144   2348   2133   2256   2222   1906   1841   2362   2086   2155   2310   1970   1992   2280   1949   1938   2061   2002   2122   2005   2025   2334   2606   2124   2047   2088   2369   1992   2140   2130   1939   2249   2315   2146   2043   2278   1991   2423   2123   2420   2151   2225   2260   2334   2031   2321   1956   2195   2168   2404   2051   2199   1825   1838   1924   2150   2335   2206   1791   2078   2357   2103   2042   2272   2058   2055   2219   2399   2381   2555   1941   2100   2018   2124   2105   

1981   2067   2003   2227   2147   2213   2168   1985   2234   2069   1752   2121   2022   2152   2140   2056   1980   1747   1830   2014   1872   2016   1825   1999   1836   2263   2270   2047   2053   2205   1980   1917   2236   1891   2152   2090   1895   1971   2089   2068   1994   1930   1908   2272   1960   2153   2314   2391   2104   1994   1898   2409   2022   1901   2216   2048   2278   1878   1884   2116   2157   1721   2078   2065   2096   2174   2132   2026   2113   2035   2223   1875   2028   2103   2157   1761   1956   1917   1866   1890   2165   2341   2309   1712   2052   2230   1907   1836   2217   2187   1995   2292   2404   2381   2225   1808   2084   1994   2105   1945   

1933   1925   1945   2040   2045   2064   2175   1920   2196   2144   1697   2096   1888   2086   2100   2082   1828   1551   1989   1964   1826   1920   1938   1991   1916   2239   2180   1834   2183   2053   1862   1611   2146   1888   2135   2147   1795   1900   2122   1800   1942   1955   1906   2069   1985   1935   2261   2458   2104   1932   2002   2222   2012   1921   2083   1967   2324   2032   2063   1981   2242   1799   2241   1986   1990   1914   1991   2134   2241   1930   2129   1833   2110   2061   2210   1728   1939   1785   1872   1820   2063   2229   2101   1695   2144   2138   2096   1931   2290   2117   1908   2109   2280   2221   2363   1775   1924   1714   2132   1786   

1849   1920   2137   1955   2173   2134   2030   1811   2282   2068   1704   2077   1902   2195   2068   2015   1957   1758   2044   1853   1824   1922   1930   1923   1897   2090   2079   1999   2025   1943   1955   1841   2033   1940   2061   1954   1841   1875   2060   1987   1846   2005   1819   2127   2041   2032   2107   2300   1957   1975   1843   2180   2267   1862   2028   1785   2034   1977   1874   1897   2061   1903   2020   1982   1970   1835   2330   1983   2080   1973   1961   1908   1883   1945   2110   1971   1790   1713   1779   1881   2171   2231   2150   1559   2033   2068   1962   1771   2192   2136   1942   2127   2263   2259   2188   1777   1805   1950   1983   1935   

1866   1823   1865   1950   2016   1938   2066   1783   2237   1990   1646   1896   1859   2126   1994   1937   2056   1708   1841   1749   1805   1857   1966   1852   1934   2040   2053   1937   2038   1867   1814   1612   2084   1804   2119   1986   1748   1576   1899   1908   1847   1866   1863   2054   1910   1951   2154   2135   1987   2029   1869   2167   1858   1776   2010   2022   2236   2049   1990   1919   2080   1817   2190   1886   2117   1754   2094   2066   2042   1969   2110   1725   1963   1903   2101   1781   1745   1709   1677   1721   2095   2151   2117   1717   1877   2007   1857   1777   2090   2127   1753   2119   2124   2132   2210   1860   1836   1798   1818   1784   

1851   1882   1859   1895   2045   1969   2025   1838   2295   2079   1657   2125   1792   2148   2001   1923   2022   1809   1898   1757   1690   1894   1888   1876   1920   1974   1970   1920   1939   1861   1797   1864   1884   1868   2060   1929   1779   1795   1994   1908   1915   1877   1841   2051   1754   2036   1985   2254   1945   2069   1816   2160   1931   1637   1878   1986   1978   1998   1783   1918   1920   1845   2112   1832   2049   1986   1916   2014   1984   1930   1957   1869   1932   2009   2048   1706   2028   1680   1770   1851   1931   2328   2039   1678   1967   1936   1808   1658   2101   1912   1896   1897   2195   2079   2195   1759   1890   1812   1947   1961   

1776   1450   1690   1875   1834   1738   1683   1778   1832   1671   1403   1811   1552   1636   1813   1631   1888   1603   1696   1474   1521   1658   1767   1581   1713   1863   2038   1710   1881   1833   1648   1654   1919   1486   1835   1929   1816   1556   1829   1862   1656   1743   1654   1769   1626   1802   1887   1947   1591   1841   1575   1887   1604   1621   1668   1692   1819   1824   1709   1581   1872   1551   1965   1543   1800   1817   1797   2005   1696   1773   1939   1661   1851   1822   1849   1649   1640   1516   1459   1656   1889   1803   1857   1655   1805   1837   1740   1671   1723   1683   1694   1708   1967   1894   1878   1753   1557   1669   1605   1669   

1849   2011   1964   2026   2178   2291   2123   1888   2553   2258   1607   2152   2082   2218   2218   2173   2146   1829   2001   1937   1928   2018   2108   1911   2018   2244   2207   1969   2112   2065   1884   1774   2141   2011   2097   2219   1840   2010   2174   1948   1969   2069   2056   2027   1794   2048   2275   2495   2073   2197   2101   2224   2168   1856   2190   1967   2143   2208   1859   2072   2200   1971   2260   2085   2174   2147   2086   2100   2078   2022   2211   2027   2150   2115   2212   1816   2113   1821   1842   1754   2212   2436   2054   1680   1991   2104   2027   1888   2295   1953   2002   2191   2548   2155   2428   1863   1891   2127   2165   1916   

1740   1942   1894   2007   2074   1895   2140   1792   2188   1953   1498   2055   1774   2088   1863   1901   2050   1761   1710   1764   1784   1922   1833   1802   1883   1913   1874   1920   1939   1751   1786   1769   2042   1737   2025   2016   1778   1878   2096   1829   1740   1745   1806   1985   1735   1860   1872   2235   1796   1970   1945   2113   2023   1760   1934   1839   1950   2121   1778   1988   2015   1677   2055   1791   2092   1854   2022   1995   1958   1904   2059   1853   1788   1914   2060   1794   1875   1773   1674   1822   2025   2133   2112   1647   1994   1940   1692   1723   2080   1956   1800   1926   2208   2057   2154   1809   1732   1891   1908   1913   

2108   2107   2114   2247   2144   2238   2047   2196   2393   2204   1757   2167   2179   2171   2396   2036   2126   1846   2132   1863   1793   1896   2149   1951   1990   2306   2522   2154   2159   2267   2016   2053   2314   1937   2101   2504   2026   2095   2209   1998   2052   2130   2029   2138   1978   2077   2275   2594   2157   2088   2202   2290   2068   2246   2006   2048   2326   2126   2071   1935   2303   1907   2413   2072   2139   2254   2204   2189   2358   2099   2271   2098   2173   2254   2345   1953   1970   1904   1915   2068   2068   2336   2098   1903   2120   2344   1974   1875   2326   2111   2129   2248   2458   2361   2439   1954   2053   2055   2072   2127   

2014   1911   2048   2283   2095   2130   2159   2015   2402   2176   1659   2273   2134   2239   2151   1867   2156   1873   2207   1753   1792   1987   2050   2026   1979   2307   2298   2128   2226   2198   2077   1930   2352   1956   2163   2334   2036   1943   2266   1971   2220   2132   2054   2202   1894   2108   2287   2451   2087   2085   2038   2274   1871   2077   2192   2114   2122   2273   2032   2069   2316   1896   2329   1895   2327   2084   2122   2382   2240   2048   2268   1962   2175   2083   2324   2001   2078   1933   1818   1956   2179   2199   2388   1785   2082   2205   2097   1948   2030   2100   2018   2213   2422   2347   2320   2042   2164   1989   1933   2150   

1813   1965   1868   2085   1949   2095   2158   1939   2134   1992   1782   2199   1810   2050   1929   1908   1969   1864   1780   2017   1658   1796   1965   1785   1771   2027   2176   1811   2014   1902   1689   1807   2089   1928   1891   2058   1860   1900   1966   2058   1776   1949   1876   2101   1876   1936   1971   2174   1941   2002   1922   2199   1997   1867   2069   1983   2101   2006   1807   1814   2177   1762   2047   1853   2081   1909   2059   2107   2096   1902   2100   1883   1944   2057   1947   1847   1980   1730   1694   1870   1989   2198   2005   1702   1893   2184   1782   1833   2118   2066   1914   2155   2126   2205   2197   1816   1860   1726   2156   1702   

2074   1853   2084   1971   2209   2099   2039   2055   2470   2172   1682   2070   1793   2137   2286   2075   2073   1796   2035   1976   1836   1893   2099   1950   2071   2192   2268   2147   2020   2096   1928   2001   2227   2003   2140   2244   1959   2084   2080   2008   2106   2072   2042   2105   1915   2103   2122   2543   2178   2131   1964   2143   2067   1846   2017   2005   2052   2119   2027   2107   2102   1933   2114   1904   2181   2169   1990   2292   2216   1906   2161   2095   1906   2209   2139   1835   1976   1925   1921   2000   2063   2372   2219   1841   2049   2090   2075   1918   2139   1944   1978   1983   2363   2327   2273   1903   1966   1840   2167   1959   

1916   1986   1979   1893   2145   2026   2091   2034   2249   2049   1789   2167   1770   2161   2100   1917   1953   1844   1829   1978   1539   1918   2024   1790   2037   2053   2231   1983   2042   1969   1826   1748   2031   2036   2040   1964   1809   1841   1961   1981   1791   1887   1677   2099   1948   1923   2087   2086   2006   2029   1760   2282   2052   1721   1970   2050   2060   2025   1823   1846   2098   1905   2186   1777   2185   1999   1946   2136   2089   1959   2006   1826   1764   2046   2148   1784   1849   1701   1765   1938   2048   2295   2057   1676   2049   2102   1852   1779   2016   2169   1860   2033   2192   2285   2195   1751   1770   1825   2018   1998   

2009   1957   1930   2077   2171   1958   1984   1851   2348   2061   1412   2010   1922   1972   2039   2012   2060   1705   2044   1866   1714   1872   1895   1714   1891   2136   2178   1980   2031   2067   1917   1751   2314   1829   1981   2082   1935   2052   2082   1932   1679   1893   1896   2011   1866   1910   2208   2457   1925   1933   1808   2094   1989   2011   1925   1901   2013   2125   2026   1952   2115   1672   2083   1903   2065   1949   2119   2232   2196   1855   2050   1850   2023   1876   2133   1909   1834   1944   1663   1829   2170   2194   2225   1627   2195   2231   1796   1926   2066   2026   1917   2270   2345   2214   2179   1843   1921   1902   1779   1992   

1916   2050   2009   2106   2191   2165   1933   1915   2375   2093   1617   1980   2077   2082   2190   2022   1895   1730   2050   1970   1887   1774   2057   1845   2078   2145   2168   2123   2119   1986   2041   1796   2155   2091   2245   2244   1868   2072   2062   1930   2052   1931   1990   2160   1838   2063   2201   2444   2187   1877   2079   2105   2043   1922   2024   1908   2243   2005   1962   2069   1963   1921   2075   1972   2014   1932   2187   2129   2168   1864   2230   1898   1909   2040   2204   1972   1759   1687   1960   1902   1918   2322   2122   1721   2113   2061   2005   1674   2236   2216   1862   2100   2428   2210   2231   1763   2163   2018   1958   1968   

1958   2036   2373   2206   2414   2251   2079   2239   2533   2337   1790   2153   2309   2304   2329   2210   2148   2032   2217   2065   2093   2130   2220   1949   2210   2269   2441   2247   2288   2332   2189   1969   2533   1985   2287   2392   1888   2011   2285   2047   2125   2193   2083   2156   1947   2137   2393   2618   2331   2278   1996   2445   2240   2019   2289   2133   2178   2497   2271   2242   2245   1985   2396   2141   2341   2062   2240   2330   2387   2214   2327   2094   2165   2314   2371   1929   2094   1868   1970   1999   2277   2473   2444   1886   2106   2229   2194   1905   2393   2298   2180   2210   2496   2362   2499   2077   2129   2293   2306   1946   

1995   1866   2184   2099   2229   2333   2083   2062   2487   2175   1689   2127   1951   2041   2125   2187   2103   1830   2106   1910   2102   2124   2090   1917   1941   2242   2217   1990   2149   2238   1999   1829   2243   1972   2214   2131   2151   2114   2137   2056   2110   1965   1975   2199   1872   2194   2299   2650   1948   2173   1823   2335   2121   2104   2002   2123   2196   2245   2067   2065   2236   1878   2454   1889   2214   2238   2034   2219   2313   2038   2379   1962   1996   2087   2234   1976   2094   2014   1801   1965   2152   2485   2316   1899   2186   2096   1927   1743   2322   2196   2154   2377   2513   2267   2351   1990   2146   2162   2142   2061   

1966   1974   1931   2054   2178   2238   2020   1975   2413   2217   1665   2115   2142   2236   2156   2241   2158   1970   2233   1833   2042   1992   1973   2055   2069   2304   2243   2138   2109   2213   1918   2049   2127   2022   2125   2101   1892   1998   2115   2079   1973   1954   1964   2189   1858   2108   2256   2401   2057   2088   2163   2088   2042   2043   2171   1915   2362   2183   2039   2007   2153   1759   2296   2136   2154   1991   2282   2174   2229   1998   2096   2065   2178   2119   2233   1922   2026   1937   1780   1907   2303   2387   2162   1793   2096   2106   2026   1846   2128   2143   1949   2259   2341   2262   2409   1978   2272   2079   2040   1999   

2049   2053   2030   2176   2276   2057   2088   1885   2374   2129   1682   2180   1953   2067   2078   2113   2080   1947   1982   2076   1896   1853   2023   1912   1877   2229   2306   2212   2119   2176   2009   1853   2350   2065   2195   2337   1798   1961   2249   2066   1936   2065   2162   1994   1964   1942   2287   2316   2092   1959   1881   2144   1924   1860   2158   2104   2157   2080   2045   2023   2359   2017   1965   2052   2101   2116   2116   2079   2216   2132   2231   1887   2107   2189   2067   1978   1955   1734   1976   2023   2097   2355   2178   1639   2126   2282   1854   1942   2230   2235   2021   2125   2268   2247   2304   1792   1849   1902   2049   1990   

2029   1944   2111   2039   2207   2257   2080   2187   2460   2264   1850   2112   1993   2222   2287   2160   2144   1978   2092   1922   1980   2093   2178   2098   2166   2381   2301   2164   2266   2173   1869   2014   2384   2051   2285   2274   2077   1994   2273   2059   2126   2199   2052   2297   2048   2181   2239   2525   2011   2149   2136   2299   2246   2017   2302   2066   2443   2152   2140   2033   2297   2035   2408   2103   2296   2152   2266   2190   2171   2134   2272   2136   2044   2225   2345   1945   1980   1884   2036   1900   2126   2319   2232   1775   2056   2137   2180   1772   2265   2175   2041   2083   2452   2462   2282   2037   2040   2061   2156   1949   

2029   1962   2030   2032   2137   2068   2182   2150   2197   2241   1722   2083   1867   1970   2070   2012   2146   1700   2029   1911   1905   2049   2109   1855   2013   2187   2129   2023   2177   2164   1866   1675   2266   1790   2119   2169   1969   1907   2106   2003   1852   1958   1901   2204   2063   2026   2161   2390   1907   1933   1943   2274   1933   2026   2052   1823   2221   1970   2089   1826   2186   1804   2162   1842   2015   1985   2133   2162   2201   2033   2149   1806   2028   2065   2029   1912   1994   1760   1866   1959   2264   2320   2138   1837   2101   2178   1904   1926   2269   2101   1883   2203   2321   2179   2346   2035   1878   1927   2079   1972   

2138   2218   2293   2243   2296   2255   2497   2184   2514   2323   1930   2370   2139   2355   2355   2369   2215   2045   2263   2270   2112   2256   2270   2200   2175   2425   2386   2219   2419   2234   1943   2070   2427   2159   2408   2433   2156   2143   2470   2189   2202   2243   2190   2476   2365   2258   2405   2704   2038   2186   2336   2516   2303   2193   2359   2167   2526   2328   2257   2091   2473   1955   2396   2137   2339   2272   2354   2243   2402   2287   2405   2262   2254   2304   2503   2133   2284   2101   2058   2304   2378   2536   2356   1871   2267   2563   2278   2203   2592   2386   2164   2424   2657   2612   2572   2174   2220   2079   2283   2076   

2359   2179   2279   2266   2385   2434   2265   2219   2605   2337   1801   2316   2160   2377   2463   2370   2329   1889   2237   2132   2075   2253   2100   2175   2097   2349   2469   2208   2307   2399   2161   2147   2342   2143   2369   2296   2095   2165   2385   2325   2120   2211   2163   2383   2078   2432   2418   2677   2131   2238   2188   2510   2290   2181   2214   2124   2514   2322   2198   2288   2320   2114   2438   2295   2349   2337   2432   2316   2330   2273   2470   2232   2287   2280   2611   2230   2088   2132   2127   2192   2463   2607   2559   1945   2363   2453   2221   2038   2536   2220   2272   2415   2576   2558   2502   2109   2091   1937   2146   2296   

1991   2060   2090   2197   2246   2126   2203   1963   2508   2286   1799   2101   2080   2159   2316   2169   2139   1901   2065   2026   1838   2082   2065   2010   2051   2368   2365   2256   2173   2189   1909   1891   2255   1967   2341   2200   1945   1994   2190   2043   1962   2101   1991   2219   1966   1861   2189   2449   2112   2209   2043   2388   2065   1993   2148   2109   2429   2180   2149   1996   2393   2088   2325   2153   2364   2009   2255   2136   2305   2007   2244   2088   2040   2113   2052   1980   2015   1828   2074   2017   2233   2242   2197   1898   2169   2212   2090   1874   2239   2192   2026   2264   2324   2431   2260   1960   2026   2076   2116   2003   

1801   1909   1947   1971   2042   2174   2178   2058   2247   2170   1640   2018   2086   2171   2270   2066   1944   1649   2053   1886   1948   1885   2029   1926   1859   2324   2160   1932   2275   2040   1939   1748   2212   1702   2060   2218   1842   2042   2216   1986   1919   1946   1928   2187   1865   2063   2411   2504   2002   2114   2000   2244   2114   2084   2278   1835   2293   2111   1990   2012   2280   1751   2247   2039   2008   1972   2147   2214   2135   1986   2187   1897   2003   1883   2294   1935   1912   2014   1760   1804   2144   2253   2206   1684   1998   2049   2056   1840   2114   2043   1983   2050   2432   2271   2436   1966   1874   2027   2192   2005   

1748   1929   2027   2036   1913   2151   2198   2072   2325   2121   1616   2032   2000   2193   2162   2052   2092   1782   2127   1886   1862   1768   1985   1999   2091   2105   2125   2040   2114   2005   1891   1922   2190   1927   2048   2168   1842   2050   2200   2002   2080   2141   1984   2037   1909   2171   2253   2457   1890   1987   1930   2208   2023   1825   2237   2006   2205   2103   1924   2026   2127   1790   2289   1913   2200   2075   2105   2081   2127   2024   2161   1946   2038   2028   2125   1790   1892   1865   1642   1940   2090   2194   2196   1691   1935   2099   2002   1835   2232   1956   1970   2165   2392   2234   2292   1812   2026   1989   1924   1902   

1770   1720   1661   1875   2021   1866   1926   1798   1976   1879   1580   1918   1805   1817   1856   1838   1738   1674   1848   1721   1675   1568   1751   1718   1794   1982   1923   1813   1899   1842   1749   1584   1861   1613   1827   1977   1677   1789   2007   1832   1685   1736   1729   1993   1685   1797   1802   2207   1745   1763   1816   2052   1832   1721   1774   1718   1973   1889   1725   1728   1841   1608   1974   1759   1862   1764   1902   1942   1865   1778   1934   1703   1753   1839   1944   1760   1671   1666   1671   1655   1914   2155   1778   1476   1848   1862   1448   1585   1912   1920   1858   1989   2181   1810   1973   1621   1812   1872   1799   1725   

2106   1960   2055   2083   2306   2272   2104   2096   2552   2230   1819   2170   2037   2078   2522   2191   2164   1896   2140   1944   1905   1977   2403   2005   2049   2375   2364   2065   2222   2119   2099   1987   2311   2211   2267   2283   1959   2204   2123   2022   2100   2105   2256   2291   2054   2181   2183   2593   2180   2220   2214   2270   2160   1950   2158   2003   2443   2334   2003   2187   2208   2066   2153   2017   2209   2198   2266   2344   2158   2111   2346   2151   2233   2245   2329   2083   2157   2051   1944   2037   2088   2437   2321   1795   2153   2241   2244   2064   2410   2069   2146   2187   2395   2529   2369   1840   1939   1976   2229   2085   

1862   1930   2036   2086   2124   2119   2042   1899   2234   2121   1785   2152   2034   2067   2114   1937   2043   1767   1882   1861   1848   1884   2020   1882   1943   2122   2110   2003   2081   2095   2077   1733   2050   1766   2179   2247   1923   1777   2037   2078   1936   2039   1823   2120   1784   2007   2197   2205   2006   1973   1885   2322   1960   1918   2185   1877   2189   2226   1947   2022   2148   1881   2115   1851   2179   1987   2148   2059   2105   1924   2214   1876   1979   2014   2164   1907   1951   1695   1861   1912   2049   2221   2039   1776   2002   2270   2069   1774   2091   2126   1870   2094   2142   2173   2216   1753   2058   1836   1972   1896   

1824   1819   2009   2118   1968   2117   2111   1957   2192   2004   1686   2106   2022   1993   2011   1866   1906   1742   2067   1829   1717   1889   2009   1740   1883   2131   2011   1829   2016   1917   1804   1909   2034   1907   2074   2213   1783   2048   2022   1911   1980   2118   1995   2045   1885   1945   2074   2310   1912   2055   2019   2131   2017   1867   1941   1804   2100   2077   1887   1858   2155   1830   2145   1849   1959   1906   2128   2057   2086   2135   1995   1921   1999   2019   2001   1912   1992   1808   1782   1869   2025   2069   2098   1512   1983   2079   1815   1806   2161   1886   1972   1958   2193   1990   2109   1715   1792   1942   1930   1937   

1944   1745   1967   2100   1945   1936   1822   1927   2106   1888   1529   2012   1784   1955   1832   1952   1942   1788   1876   1756   1728   2045   1867   1823   1961   1922   2025   1847   1926   1899   1808   1918   2089   1854   1859   2090   1663   1911   1988   1750   1897   1910   1710   2101   1849   1837   1900   2274   1937   1830   1908   2099   2015   1770   1874   1796   1960   2065   1776   1719   2027   1529   1983   1822   1961   1999   1986   1916   2053   1989   2096   1848   1832   2036   2041   1775   1942   1777   1727   1762   1918   2405   2017   1704   1998   1989   1663   1633   1950   1966   1958   2056   2237   2156   2321   1854   1755   1857   1915   1903   

1905   1834   1936   2133   1993   2106   1943   1902   2190   1998   1566   2046   1998   2079   1932   2207   1980   1836   2072   1856   1863   1921   1960   1853   2031   2091   2224   1879   1938   2002   1919   1775   2206   1908   1982   2178   1735   1866   2106   1948   1962   2138   1915   2040   1910   1902   2263   2276   2100   1879   1951   2171   2122   1749   2016   1981   2166   1948   1844   1808   2195   1734   2026   1924   2137   2039   2073   2022   2204   2017   2270   1884   1887   2066   2099   1810   1919   1887   1734   1826   2040   2316   2026   1646   2048   2267   1876   1871   2176   2184   1820   2158   2347   2056   2354   1774   1916   1944   2036   1875   

2100   2076   2259   2185   2414   2310   2240   2055   2578   2343   1929   2304   2118   2215   2354   2285   2298   2069   2109   2015   2074   2116   2248   2051   2172   2365   2325   2156   2149   2144   2197   1938   2351   2185   2308   2299   2034   2151   2267   2107   2037   2192   2188   2235   2067   2193   2300   2611   2261   2209   2076   2436   2320   1989   2156   2176   2443   2335   2083   2362   2400   2191   2265   2144   2278   2189   2310   2308   2423   2107   2418   2082   2119   2236   2355   1965   1972   2052   2171   1994   2263   2584   2434   1873   2163   2389   2063   2058   2357   2276   2118   2358   2406   2545   2423   1954   2129   2197   2121   2042   

2001   2072   2296   2044   2287   2220   1890   2094   2500   2283   1710   2114   2020   2242   2290   2241   2379   1932   2013   1998   2048   1846   2262   2053   2229   2241   2193   2250   2082   2169   1980   1939   2376   1800   2164   2319   2012   2027   2133   1942   1994   2054   2020   2238   1936   2056   2266   2493   2040   1967   2115   2386   2120   2141   2202   2056   2355   2257   2192   1994   2199   1938   2318   2208   2275   2132   2384   2053   2334   2101   2243   2068   2064   2193   2206   1903   2111   1819   1931   1841   2118   2478   2213   1776   2075   2193   2103   1779   2332   2202   2220   2373   2510   2313   2435   1892   2090   2146   2263   2058   

2149   2024   2074   2206   2231   2176   2193   2156   2554   2194   1750   2142   2248   2267   2317   2098   2117   1970   2206   1945   1791   1956   2023   1933   2131   2452   2341   2194   2227   2179   2103   2000   2346   2111   2133   2330   1996   2100   2104   2084   2078   2119   1984   2275   2032   2013   2193   2557   2047   2221   2098   2280   2010   2080   2209   2047   2246   2171   2060   1998   2280   1945   2451   2009   2147   1894   2162   2362   2400   2031   2042   2054   2183   2070   2250   2006   2000   1983   1878   1982   2305   2380   2189   1755   2218   2354   2003   1984   2244   2308   2037   2335   2506   2375   2237   1966   2036   2089   2020   2072   

1771   1847   1898   1799   2077   1940   1832   1822   2126   1978   1688   1960   1870   1864   2160   1782   1920   1771   1883   1787   1603   1695   1744   1820   1795   1956   2018   1916   1845   1938   1780   1813   1856   1835   1884   2028   1674   1838   1940   1787   1802   1779   1648   1798   1620   1940   1969   2166   1917   1890   1800   2184   1893   1777   1877   1810   2052   1926   1893   1855   1817   1670   2057   1946   1974   1964   2030   1870   1933   1821   1893   1763   1790   1974   2061   1615   1688   1577   1705   1641   1900   2027   1926   1671   1647   1933   1737   1558   1863   1857   1756   2099   2179   1932   2127   1592   1935   1892   1706   1688   

1710   1684   1888   1920   1895   2027   2000   1830   2155   1817   1551   1903   1771   1891   1855   1945   1951   1689   1752   1915   1799   1878   1782   1735   1815   1944   1970   1683   1876   1944   1767   1694   2156   1794   1909   1987   1675   1736   1857   1766   1843   1916   1892   1846   1768   1777   1919   2135   1873   1856   1723   2116   1771   1697   1940   1859   1914   1961   1805   1896   1986   1573   2031   1805   1896   1922   1892   1907   2122   1804   2045   1753   1873   1901   2007   1758   1845   1633   1561   1617   1891   1985   1942   1576   1838   2150   1781   1742   2064   1938   1845   2017   2021   2068   2141   1692   1881   1791   1896   1671   

2052   1966   2069   2173   2149   2248   2111   2149   2318   2208   1766   2068   2218   2253   2169   2082   2022   1794   2246   1904   1889   1911   2180   1892   2098   2261   2443   2005   2307   2137   2116   1973   2383   2033   2186   2337   1990   2176   2045   2015   2047   2125   2191   2350   2039   2002   2129   2530   2038   2073   2218   2210   2214   2066   2151   2029   2258   2323   2065   1990   2263   1916   2238   1961   2333   1969   2177   2253   2391   1978   2249   2023   2088   2125   2360   2149   1994   1996   1834   1975   2222   2450   2319   1702   2276   2313   1967   2024   2304   2125   1956   2098   2369   2316   2210   2031   2046   2017   2092   2138   

1684   2129   1873   2064   2101   2066   2156   1794   2288   1985   1667   1931   1741   2047   2265   2244   2062   1825   2288   1840   1836   1819   1963   2015   2028   2076   2152   1997   2082   1899   1961   1760   2100   1861   1971   2068   1735   1984   2181   1862   1987   1849   1969   2105   1837   2030   1973   2492   1947   2034   1870   2326   2196   1815   2052   1845   2042   2130   2007   1968   2176   1960   2175   1899   2135   2015   2138   2124   2056   2012   2156   1986   1810   1960   2006   1923   1946   1561   1762   1877   2142   2216   2225   1723   1980   2052   1943   1825   2226   1951   1894   2101   2403   2166   2265   1798   1867   2122   2042   1888   

1985   2001   1950   2047   2161   2181   2130   2092   2379   2227   1762   2152   1998   2077   2178   2194   2195   1974   2056   2133   1911   1988   2170   1833   2018   2215   2201   2135   2096   2098   1855   1880   2219   1984   2229   2241   1957   2030   2227   2080   2022   2215   2179   2057   2050   2067   2371   2374   1970   2140   2051   2329   1992   1847   2063   2175   2232   2053   2003   2055   2131   1825   2175   2082   2113   2178   2161   2147   2164   2116   2123   1999   2025   2174   1989   1876   1983   1890   1865   2021   2082   2172   2083   1914   2041   2050   2057   1866   2222   2059   2035   2106   2262   2251   2355   1908   2069   2158   1992   1940   

1990   2023   2029   1990   2178   2010   1937   1918   2253   1977   1558   1925   1852   2112   2083   2044   1952   2002   1965   1855   1895   2000   1935   1862   2059   2154   2144   2062   2038   1892   1985   1937   2231   1806   2159   2112   1882   1934   2006   1980   1904   1953   1862   2198   1827   2012   2169   2273   2017   1957   1950   2150   2057   1799   2063   1917   2076   2135   1975   1972   2075   1926   2060   1963   2074   1836   2115   1968   2053   1899   2004   1967   1760   2115   2208   1865   1839   1748   1816   1874   2183   2422   2188   1763   2051   2152   1913   1721   2151   2065   1876   1972   2342   2322   2272   1883   2002   2022   1981   1977   

2021   1915   2117   2075   2088   2191   2204   2082   2377   2164   1643   2075   2068   2178   2230   1972   2068   1895   2109   1838   1837   1969   2262   2081   2010   2304   2310   1999   2200   2158   2049   1827   2272   1882   2088   2235   1986   1929   2066   2063   2084   2172   1827   2196   1910   2000   2141   2448   2094   2175   1894   2381   2102   2075   2039   1906   2157   2259   2191   2026   2341   1859   2395   1950   2131   2000   2072   2071   2214   2044   2206   2000   2186   2069   2344   2059   2117   1835   1905   1952   2204   2304   2234   1658   2051   2236   2101   1892   2190   2202   2184   2234   2379   2379   2233   1955   1991   1751   2212   2015   

1732   1983   1989   1861   1944   1941   2256   1990   2202   2072   1657   2061   1920   2018   2144   1985   2009   1763   1994   1940   1775   1757   2032   1653   1741   2127   2011   1867   2018   2006   1839   1765   2020   1923   1975   2178   1855   2027   1989   1949   1939   2109   1868   2093   1959   1927   2107   2441   1960   1985   1876   2188   1877   1887   1928   1815   2069   2049   1940   1821   2176   1787   2194   1943   1972   1842   2103   2053   2148   2053   1950   1913   1965   1947   2064   1889   1868   1805   1763   1923   1968   2114   2056   1649   2055   2157   1978   1915   2213   2122   2007   1893   2277   2249   2128   1768   1934   1843   2005   1915   

1871   1920   2242   2072   2023   2007   1990   1872   2233   2113   1552   2128   1941   2184   2204   1886   2046   1702   1906   1866   1850   1742   2042   1915   1822   2109   2157   2019   2090   2152   1950   2066   1925   1918   2016   2176   1983   1906   2033   1982   1990   1925   1882   2058   1837   1966   2160   2372   2068   1982   1815   2164   1944   2040   2072   1714   2021   2077   1937   1854   2181   1755   2260   2015   1976   2124   2292   2079   2279   1965   2209   2127   2018   2080   2035   1845   1917   1808   1888   1805   2020   2314   2088   1732   2074   2015   1931   1832   2057   1977   2092   2081   2343   2220   2192   1986   1949   1928   2170   1981   

2132   2171   2136   2300   2444   2303   2332   2072   2535   2367   1870   2251   2259   2336   2432   2271   2270   2049   2190   2093   2026   2137   2353   1926   2260   2345   2494   2090   2348   2452   2078   1960   2350   1932   2294   2376   2188   2073   2420   2280   2010   2219   2200   2370   2108   2143   2522   2507   2063   2279   2051   2514   2253   2173   2238   2163   2303   2420   2175   2136   2436   2123   2308   2246   2263   2225   2424   2305   2421   2168   2372   2087   2146   2190   2369   2241   2224   1935   2022   2125   2308   2429   2180   1908   2062   2323   2171   1851   2313   2288   2155   2393   2565   2470   2441   2055   2012   2169   2181   2123   

1887   2056   1831   1945   2114   2048   2045   1995   2135   2016   1691   2043   2009   2113   2031   2087   1977   1799   2081   1907   1775   1826   1854   1748   2008   2125   2085   2037   1926   2013   1929   1888   2097   1876   2047   2104   1638   2081   1935   1977   1973   1988   1864   2187   1861   2050   2102   2346   2047   1883   1956   2205   1997   1755   2020   1858   2054   1934   1856   1967   2085   1854   1916   2019   2056   1843   2095   2107   2057   2009   1933   1728   1941   1967   2207   1863   1879   1766   1797   1865   2042   2240   2105   1570   1877   1991   1888   1727   2036   2051   1925   2021   2315   2142   2190   1672   1999   1986   1791   1935   

1686   1953   1931   2013   2012   2062   2035   1718   2191   2036   1601   2025   1876   2086   2013   2023   1791   1656   2007   1737   1806   1800   1925   1932   1989   2188   2053   2093   2062   1940   1981   1671   2010   1840   2175   1945   1771   1832   2118   1760   1824   1939   1782   2113   1941   1978   2238   2318   1855   1912   1848   2069   1846   1872   2105   1822   2062   2105   1993   1993   2113   1869   2199   1796   2082   1864   2125   2114   2015   1913   2087   1829   1906   1933   1962   1811   1845   1700   1695   1836   1985   2118   1889   1600   1951   1881   2008   1789   2077   1959   1859   1949   2192   2168   2233   1814   1923   1937   1878   1861   

1800   1964   2158   1980   2100   2261   2093   2094   2458   2095   1634   2097   2033   2212   2320   2055   2105   1918   2068   1930   1921   1861   2077   2025   2136   2291   2145   1989   2118   1921   1846   1926   2046   2073   2149   2212   1885   2140   2289   2121   2063   1906   2003   2214   1901   2083   2238   2548   1874   2233   2056   2310   2145   2002   2169   1954   2294   1992   1926   2010   2198   1889   2299   1978   2014   2153   2133   2156   2178   2090   2161   1992   2019   2098   2190   1945   2058   1913   1793   1960   2118   2309   2117   1782   2057   1966   2181   1795   2258   2144   2025   2044   2620   2296   2254   1927   1988   2138   2141   1981   

2229   2281   2203   2430   2382   2556   2323   2179   2681   2472   2036   2367   2275   2450   2555   2395   2485   2234   2245   2060   2096   2198   2497   2311   2369   2640   2597   2321   2357   2365   2363   2104   2512   2109   2352   2415   2225   2192   2489   2410   2158   2419   2080   2478   2153   2494   2486   2797   2410   2339   2074   2610   2279   2121   2475   2177   2600   2335   2323   2247   2439   2097   2383   2221   2471   2231   2486   2424   2277   2162   2595   2173   2279   2313   2504   2204   2211   2081   2133   2125   2507   2634   2480   2005   2307   2656   2211   2082   2364   2446   2304   2588   2583   2449   2671   2167   2200   2189   2295   2191   

1948   1999   2094   2113   2074   2088   2215   2037   2243   2006   1629   2102   2012   2135   2325   2031   2055   1843   2054   1948   1962   1927   2099   1968   1933   2222   2203   2002   2238   1950   2023   1971   2311   1991   2146   2265   1974   1969   2157   2008   2038   1977   2093   2188   2035   2028   2256   2594   2185   2029   2000   2292   2041   1968   2134   2020   2203   2119   2060   1994   2321   1800   2170   2036   2292   2017   2355   2154   2174   2050   2216   2052   1995   2131   2247   1888   1891   1910   1854   1918   2049   2264   2284   1694   2001   2325   1983   1950   2257   2153   1935   2114   2290   2388   2399   1916   1967   1846   1999   2078   

2074   2176   2113   2142   2249   2347   2377   2181   2419   2319   1847   2353   2157   2339   2330   2223   2154   1907   2092   2083   2065   2016   2304   1991   2131   2314   2466   2166   2417   1998   2114   2071   2315   2387   2328   2376   2007   2274   2244   2080   2167   2245   2142   2207   2083   2342   2542   2586   2398   2379   2199   2271   2375   1874   2259   2176   2339   2396   2078   2344   2259   2007   2317   2087   2341   2172   2327   2307   2265   2103   2499   1986   2169   2433   2373   1964   2050   1888   2042   1910   2329   2543   2366   1986   2161   2217   2136   2051   2381   2175   2071   2330   2471   2479   2555   2108   2066   2184   2247   2005   

2059   1980   2072   2007   2195   2150   2141   2094   2427   2273   1798   2254   1971   2078   2169   2165   2066   1781   2101   1991   2013   2019   2079   1947   1971   2081   2214   2070   2274   2283   1963   1933   2288   2074   2212   2212   1899   2037   2014   2078   2032   2180   2038   2179   2061   2159   2286   2500   2217   2040   2014   2224   2209   1966   2227   1986   2347   2251   2042   2076   2055   1888   2282   2041   2108   2087   2153   2116   2312   2098   2225   2042   2121   2119   2373   2015   2016   2203   1763   1937   2125   2478   2133   1684   2194   2452   1910   1959   2246   2117   2050   2402   2426   2361   2441   1908   2139   1989   2075   1919   

1824   1979   1977   2062   1998   2010   2029   1916   2214   2170   1612   2046   2040   2081   2134   2025   1985   1701   2067   1821   1881   1805   2098   1980   2011   2111   2063   1966   2176   2022   2037   1673   2051   1793   2082   2077   1759   1940   2006   1885   1835   2014   1903   2135   1785   1959   2254   2494   2017   1970   1968   2160   2065   1989   2138   1888   2194   2388   2071   2002   2099   1724   2203   2067   2240   2020   2132   2153   2114   1776   2208   1898   1931   1927   2125   1831   1918   1877   1710   1670   2031   2300   2030   1670   2001   2186   1862   1806   2088   1929   1973   2203   2293   2087   2299   1897   2007   2068   2062   1890   

1915   1812   1895   1890   1959   2012   1964   1978   2151   2072   1850   1922   1864   2046   2076   2044   1913   1762   1928   1929   1749   1766   1863   1736   1906   2152   2099   1970   1963   2067   1716   1723   2017   1704   2060   2126   1764   1790   2120   1923   1873   1894   1808   2098   1808   2040   2068   2257   1936   1883   1858   2109   2005   1854   1870   1824   2104   1860   1885   1805   2081   1796   1982   1893   1939   2040   2001   1957   2010   1989   2058   1799   1753   1965   2062   1764   1861   1753   1682   1896   1882   2292   1966   1665   1811   2019   1827   1577   2165   1880   1864   2059   2118   2075   2244   1539   1936   1835   1772   1804   

2059   1997   2091   2131   2190   2047   2008   2009   2297   2014   1612   2061   2034   2067   2111   2011   2092   1892   1946   1961   1848   1790   2140   1845   2049   2237   2206   2142   2054   2064   1954   1876   2220   2025   2227   2347   1859   2027   2183   1958   1889   2185   1908   1899   1785   2033   2324   2422   1998   2089   2061   2100   2035   1924   2133   1883   2149   2156   2007   1941   2136   1829   2188   1948   2184   1904   2197   2178   2155   2164   2197   2055   1859   2182   2240   1986   1873   1860   1783   1884   1993   2128   2084   1726   1974   2112   1991   1850   2232   2106   1904   2092   2443   2254   2240   1796   1875   2060   2037   1895   

1748   1859   1937   2005   2214   2194   1912   1945   2351   2205   1727   1927   1946   2214   2121   2081   1942   1735   2090   1836   1894   1793   2025   1842   1974   2203   2074   2004   2090   1933   1822   1825   2044   2002   2167   2157   1765   1826   2014   2034   1933   1966   1804   2153   1775   2106   2215   2421   2036   2061   1917   2219   2110   1816   2128   1818   2170   2097   2018   1880   2126   1885   2094   2172   2086   1998   2235   2034   2061   2020   2080   1848   2058   2052   2122   1791   2024   1820   1742   1931   2115   2309   2004   1691   2041   1941   1934   1873   2168   2157   2014   2045   2414   2161   2231   1909   1982   2028   2130   1848   

1925   1980   2078   2171   2167   2209   2173   1893   2350   2169   1764   2196   2011   2109   2288   2141   1944   1883   1981   1943   1798   1998   2092   1954   2017   2211   2137   1874   2048   2073   2006   1962   2196   2052   2083   2189   1794   2055   2122   2008   1943   1935   2035   2179   2007   2109   2161   2597   2047   2092   1941   2211   1992   2008   2131   2102   2344   2174   2077   1972   2302   1909   2319   2106   2155   2090   2135   2345   2279   2030   2201   1991   2153   2010   2341   1798   2007   1872   1898   1754   2136   2289   2168   1730   2180   2255   1859   1947   2309   2217   2176   2252   2583   2200   2394   1987   1942   1898   2005   1986   

1891   2027   1966   2059   2086   2104   2078   1926   2307   2139   1602   1944   1999   2117   2043   2134   2000   2022   2006   1977   1898   1958   1956   1924   1940   2240   2136   1986   1912   1941   1967   1961   2182   1784   1972   2254   1790   1948   2126   2091   2008   1885   2013   2045   1751   1913   2151   2348   2006   1986   1983   2234   2020   1991   1979   2053   2036   2031   2069   2071   2321   1667   2054   2116   2043   1987   2095   2052   2250   1943   2111   1866   2007   2133   2008   1923   1977   1860   1942   1881   2200   2261   2131   1798   1991   2104   1787   1711   2077   2130   1890   2209   2280   2020   2323   1888   1895   1958   2026   1856   

