2355   1785   2002   1979   2013   2394   2206   2106   2054   2007   2122   1996   2436   2192   2053   2435   1915   1872   2309   2044   2498   2489   2106   2104   2015   2080   2061   2144   2030   1900   1872   1886   1986   2050   1907   2137   2096   2136   2029   2209   1889   2239   2226   2111   2496   2134   2090   2062   1983   2078   2240   1934   1915   2100   1874   1928   2219   2350   2095   1758   1943   2031   2140   2274   2211   2078   2166   1836   2209   2266   2085   2276   2255   1764   2043   2274   2060   2252   2346   1909   2020   2176   2155   1987   1977   2095   2059   2271   2032   2061   1967   2037   2146   2223   1766   1817   2114   2085   1765   1701   

2421   1966   2035   2009   1966   2266   2184   2006   2051   2116   2099   1959   2333   1948   2022   2362   2044   2171   2201   2062   2523   2185   2171   2200   2102   2072   2030   2086   2264   2064   2007   1838   1950   2205   1904   2065   2177   2118   2207   1998   2109   2300   2377   2089   2498   2093   2199   2096   2128   2061   2308   1929   1910   2276   2059   2224   2208   2093   2097   1830   2012   1968   2160   2290   2290   2056   2209   1986   2382   2214   1962   2191   2110   1942   2396   2144   2159   2106   2317   1888   2152   2164   2303   2068   1692   2124   2027   2287   2003   1992   2096   2170   2122   2301   2095   2033   2136   2205   1680   1641   

2435   1975   1874   1994   2081   2195   2123   1919   2076   2281   1918   1902   2143   1959   1930   2352   2062   1894   2319   2079   2337   2106   2171   2093   1895   1912   2141   2074   2058   1886   2014   1772   1976   2131   1970   1947   2271   2127   2116   2115   1912   2162   2272   1974   2398   2204   2066   1995   2046   2002   2211   1907   1707   2169   2018   1943   2115   2021   1917   1639   1969   2134   1953   2328   2105   1990   2106   2087   2262   2226   2010   2405   2178   1932   2156   2219   2151   2251   2192   1892   2007   2025   2080   2056   1940   1922   1907   2199   2051   1963   1855   2087   1993   2149   1963   2043   2144   2019   1712   1678   

2074   1793   1687   1685   1701   2080   1850   1760   2014   1956   1831   1635   2098   1809   1741   2010   1743   1813   2016   1859   2190   2165   1996   1966   1637   1824   2016   1774   1985   1678   1674   1619   1744   1913   1745   1825   1948   1992   1855   1827   1594   2073   2059   1997   2169   1682   2038   1670   1749   1974   2106   1607   1589   2007   1665   1778   2096   1936   1751   1487   1739   1828   1731   2023   1812   1818   1836   1645   2227   2016   1758   2032   2133   1687   1717   1768   1786   2131   2053   1811   1707   1655   1942   1859   1769   1836   1631   1922   1919   1985   1876   1842   1920   1839   1692   1701   1949   1797   1625   1585   

2298   1893   2063   2046   1989   2356   2279   2012   2010   2093   2096   1931   2311   2200   2008   2277   1954   1985   2111   1949   2570   2382   2104   2112   1946   2127   2090   2188   2136   2076   2004   1944   1849   1999   2034   2177   1978   2051   2036   1995   1994   2290   2445   2066   2419   2100   2173   1943   1995   2059   2221   1889   1808   2099   1850   1900   2155   2199   2067   1882   2048   2061   2104   2144   2238   2023   2124   2029   2274   2278   2009   2219   2184   1992   2183   2051   2127   2201   2423   2019   2058   2011   2294   1993   1834   2081   2048   2143   1954   2215   2117   2130   2093   2312   1833   1995   2174   2145   1685   1686   

2213   1721   1857   1852   2053   2104   1950   2038   2074   2050   1963   1998   2193   1825   1858   2202   1979   1996   2182   1958   2034   2185   2177   1974   1798   1896   1948   1909   2050   1856   1852   1667   1833   1774   1959   1648   1965   2083   2004   2050   1656   2065   2055   1859   2276   1957   2040   1844   1820   1875   2024   1861   1775   2002   1983   1844   2091   1980   1867   1557   1845   1969   1959   2219   2063   1906   1873   1727   2299   2210   1846   2085   2131   1717   2007   2065   1910   2222   2131   1777   1675   1937   1964   1965   1773   1850   1915   1961   1946   1888   2034   2003   1979   1873   1826   1879   1940   1888   1649   1629   

2420   1964   2163   2033   2159   2340   2316   1964   2309   2292   2085   2151   2458   2185   2236   2463   2034   2212   2284   2078   2290   2529   2364   2275   1972   2043   2115   2232   2400   2140   1902   1956   1970   2186   2175   1982   2170   2086   2223   2068   2012   2346   2357   2215   2539   2232   2171   1941   2039   2078   2449   2084   1935   2337   2106   2263   2415   2253   2145   1772   2002   2138   2153   2298   2250   2178   2184   1930   2533   2437   2108   2378   2501   2007   2289   2232   2078   2506   2354   1947   2021   2058   2200   1970   1988   1952   2045   2358   2177   2227   2175   2282   2155   2072   1931   2037   2438   2061   1836   1528   

2248   1917   1990   2001   2041   2289   2191   1931   2110   2206   2097   1804   2294   2016   1985   2256   2040   2024   2218   2033   2229   2274   2142   2023   1831   2203   1895   2179   2154   2044   1994   1854   1933   1992   2067   1983   1998   2220   2067   2040   1937   2157   2269   1961   2283   2049   2143   2050   1995   2082   2197   1869   1815   2227   2091   1934   2266   2053   2012   1629   1941   2153   2073   2164   2113   2080   2164   1936   2362   2183   2004   2166   2035   1807   2197   2065   1995   2304   2208   1883   1842   1951   2047   1947   1894   2150   1887   2027   1997   2176   1914   2002   2039   2010   1892   1744   2022   2120   1669   1566   

2303   1868   1989   1959   1842   2319   2187   2004   2212   2066   2109   2098   2348   2145   2031   2388   1960   1909   2220   2070   2202   2169   2229   1927   1887   2075   2182   2065   2143   1891   1941   1859   1812   2023   2063   2027   2209   2118   2102   2057   2103   2078   2283   1908   2400   2076   2059   1971   1884   2095   2203   1938   1907   2166   2021   1994   2410   2282   2069   1742   1951   2075   2085   2223   2255   2102   2083   1948   2310   2213   2107   2327   2165   1715   2135   2243   1834   2177   2223   1827   2069   2033   1893   1985   1930   1918   2017   2051   2050   2063   1969   2111   1722   2057   1771   1678   2063   1872   1766   1667   

2388   1774   1882   1961   1921   2228   2152   1966   1967   1849   2119   1674   2176   2051   1907   2197   1932   1882   2241   1958   2339   2338   2098   2064   1975   2018   1946   2041   2205   1952   1896   1759   1783   2027   1954   2025   2058   2084   2042   1896   1790   2178   2065   2056   2325   2110   2013   1828   1830   2047   2335   1988   1864   2251   1823   2003   2088   2155   2013   1667   1971   1867   1911   2121   2150   1987   2031   1785   2221   2207   2011   2192   2318   1839   2044   1911   1987   2224   2266   1807   1780   2104   2229   1895   1917   1984   1861   2096   1970   2160   1956   2020   2073   2128   1833   1898   1977   2254   1687   1723   

2292   2010   2071   2020   2118   2297   2072   2036   2155   2181   1887   1970   2396   2070   1906   2304   2115   2088   2169   2161   2432   2411   2308   2033   1968   1830   2262   2121   2195   1890   2061   1930   2097   2134   2059   1900   2205   2007   2284   2023   2094   2249   2390   2043   2390   2084   2037   1900   1893   2120   2285   1998   1879   2236   2071   1934   2220   2181   2001   1671   2141   2090   2099   2229   2173   2049   2126   1979   2319   2189   2145   2244   2144   1885   2283   2152   2015   2246   2385   1898   1972   2010   2129   2112   1933   1947   1890   2114   2251   2214   1937   2075   2029   2199   2012   1886   2166   2242   1722   1789   

2277   1920   2072   2061   1966   2299   2249   1864   2290   2125   2194   1969   2503   2216   2011   2283   2017   2158   2125   2116   2566   2321   2288   2049   2010   2117   2223   2099   2158   2005   2063   1794   1840   2262   1862   2197   2262   2216   2100   2157   2025   2181   2222   2255   2409   2032   2170   1985   2244   2056   2382   2108   1844   2298   1989   2217   2193   2230   2120   1922   2100   2040   2086   2294   2055   2147   2099   1878   2337   2393   1985   2383   2142   2010   2231   2199   2160   2115   2364   2027   2008   2070   2277   1977   1899   2053   1887   2308   2056   2075   2043   2199   2145   2143   1881   1901   2088   2035   1712   1693   

2215   1697   1755   1900   1856   2105   1895   1914   2093   2052   2083   1843   2244   1881   1873   2168   1772   1968   1978   1787   2221   2081   2109   1932   1682   1943   1950   1924   2085   1785   1792   1763   1713   2014   1842   1845   1986   1948   2032   1812   1817   1959   2103   1902   2184   1907   1897   1916   1977   1878   2142   1799   1715   1965   1843   1997   2224   2036   1894   1652   1863   1937   1938   2144   1981   1996   1995   1734   2283   2066   1787   2202   2125   1735   2025   2079   1724   2178   2214   1757   1767   1872   2018   1896   1604   1834   1790   1931   1944   1927   2123   1910   1784   1903   1693   2013   1945   1894   1499   1498   

2143   1817   1897   1891   1745   2127   2181   1905   1950   1957   1966   1761   2151   1918   1932   2132   2002   1881   2164   1878   2176   2131   2042   1833   1958   1824   2072   1941   1985   1873   1878   1676   1883   2073   1915   1841   1940   2060   2043   1940   1645   2043   2166   1987   2360   1960   2049   1627   1816   1990   2108   1902   1730   2069   1765   1882   2020   2032   1924   1606   1795   1855   1848   2153   2082   1943   1976   1881   2123   2171   1842   2232   2139   1677   1969   1909   1878   2128   2083   1744   1772   1881   2010   1898   1846   1902   1531   1927   1863   1957   1845   1973   2031   1960   1866   1611   2148   2071   1784   1727   

2243   1774   1825   1964   1942   2111   2100   1922   2174   1973   2016   1929   2096   2050   1812   2188   2032   1997   2263   1889   2268   2250   2052   2089   1911   1895   2051   2035   2078   1813   1888   1779   1917   1921   1977   2016   2086   2177   1926   1936   1886   1991   2205   1935   2355   2074   2041   1989   1971   1825   2362   1817   1690   2081   1977   2065   2097   2019   2020   1646   1873   1892   2065   2174   2000   1968   2119   1961   2196   2121   1979   2144   1887   1829   2315   2060   1882   2053   2268   1730   1799   2070   2170   1972   1895   1930   1956   2166   2040   1992   1812   1999   1895   2037   1860   1940   2026   2022   1578   1548   

2183   1806   1928   1897   1947   2295   2241   2113   2195   2038   2111   2114   2318   2044   1837   2311   1914   2028   2118   2041   2359   2177   2067   2066   1960   1927   1920   1961   2138   2024   1967   1730   1948   2070   2035   1971   2100   2144   1948   2058   1890   2097   2280   2102   2447   1978   2059   2023   2111   2039   2199   2069   1720   2140   1876   2014   2140   2220   2111   1572   1893   1923   2043   2141   2131   1936   2122   1936   2145   2166   2123   2384   2069   1850   2107   2173   2126   2126   2290   1775   1875   2049   2108   1868   1948   1919   1893   2034   2019   2058   1773   2010   2036   1914   1902   1780   2143   2183   1599   1692   

2533   1988   2066   2071   2149   2443   2195   2053   2392   2298   2170   2245   2367   2134   2141   2446   2077   2170   2340   2155   2429   2389   2397   2311   2064   2017   2334   2138   2450   2060   2090   2013   2010   2216   2092   2083   2287   2210   2191   2178   2132   2351   2401   2303   2627   2234   2355   2132   2127   2162   2531   1920   2073   2306   2075   2244   2368   2170   2134   2012   2162   2252   2371   2248   2346   2182   2297   2052   2536   2205   2125   2326   2333   1986   2495   2338   2195   2362   2537   2022   2119   2352   2358   2280   1995   2071   2004   2227   2304   2233   2093   2206   2084   2100   2001   2068   2273   2299   1925   1793   

2195   1876   2093   1957   1988   2441   2235   1958   2160   2040   1942   1997   2240   2281   1954   2217   2034   2014   2304   1880   2505   2454   1973   2206   1974   1978   1953   2187   2171   2079   2019   1981   1936   2200   1946   2073   2096   2078   1850   2002   1971   2160   2323   1997   2752   2016   1973   2078   2031   2095   2260   1967   1878   2210   1870   1974   2273   2188   2234   1730   1962   2094   2139   2244   1995   2091   2185   1948   2248   2369   2102   2341   2181   1846   2172   2141   1934   2410   2205   1997   1956   1987   2191   1850   1934   1914   1979   2188   2047   2208   1825   2031   1924   2049   1804   1928   2218   2058   1753   1526   

1946   1489   1785   1621   1652   2088   2001   1826   1785   1849   1705   1786   2048   1777   1714   2117   1564   1787   1813   1666   2020   2078   1919   1829   1768   1663   1807   1825   1740   1690   1624   1583   1684   1791   1935   1703   1662   1824   1789   1968   1750   2093   2112   1873   2078   1790   1861   1653   1688   1761   2092   1656   1610   1861   1607   1667   1991   2043   1830   1514   1689   1683   1881   1834   2017   1868   1687   1560   2034   2033   1764   1911   1934   1644   1981   1836   1751   1971   2174   1597   1718   1778   1846   1821   1758   1699   1691   2006   1777   2027   1659   1911   1716   1789   1726   1630   1871   1873   1508   1534   

2551   1943   2156   2151   2217   2502   2403   2199   2318   2163   2447   2192   2472   2340   2171   2403   2264   2330   2491   2232   2514   2375   2444   2075   2248   2277   2392   2380   2387   2095   2138   2020   2059   2221   2226   2166   2320   2455   2412   2245   2114   2258   2430   2366   2429   2330   2366   1901   2057   2241   2528   2028   2185   2463   2317   2150   2419   2317   2237   1945   2180   2235   2150   2382   2470   2403   2305   2069   2689   2242   2256   2368   2426   1924   2244   2222   2258   2456   2378   2128   2182   2296   2376   2259   2158   2223   2244   2211   2143   2170   2098   2230   2179   2428   2074   2023   2178   2221   2007   1653   

2149   1672   1609   1740   1693   1841   1955   1751   1803   1729   1899   1623   1919   1775   1823   2023   1838   1742   1997   1707   2090   1878   1895   1709   1931   1830   1743   1722   1845   1509   1752   1512   1628   1774   1613   1630   1682   1706   1732   1761   1355   1835   2095   1885   1941   1853   2047   1608   1626   1761   2065   1655   1595   2053   1683   1682   1899   1973   1642   1447   1655   1605   1763   1848   1890   1751   1749   1829   1950   1716   1721   1950   1884   1540   1882   1684   1821   1929   1965   1678   1561   1953   1876   1734   1528   1577   1800   1865   1820   1834   1730   1694   1731   1892   1597   1675   1897   1903   1383   1398   

2152   1803   1924   1878   1685   2122   2106   2050   1792   1971   1992   1864   2241   2013   1820   2212   1872   1915   1994   1998   2283   2085   2175   1771   2001   1859   1956   1956   2097   1947   1843   1708   1859   2040   1941   1843   1942   2017   2080   1997   1822   2083   2425   2012   2290   1917   2133   1792   1876   2121   2095   1833   1877   2120   2066   1855   2162   2097   1990   1720   1925   1995   1843   2123   2156   2078   1898   1886   2120   2042   1901   2177   2140   1599   2011   2171   2085   2017   2105   1868   1924   1737   1932   2108   1755   1952   1783   1997   1880   2045   1888   1990   1963   2150   2022   1684   2290   2040   1661   1699   

2386   1820   2071   2056   2103   2408   2427   2095   2112   2026   2082   2041   2432   2099   2091   2514   1902   2025   2300   2062   2557   2435   2109   2311   2094   2037   2217   2096   2272   2010   2055   2017   2066   2040   2151   2120   2228   2077   2181   2238   1787   2252   2408   2207   2582   2025   2354   2106   2121   2125   2548   1999   2047   2241   2081   2126   2191   2281   2197   1732   2063   1962   2172   2242   2237   2219   2037   1966   2345   2405   2204   2404   2290   1885   2253   2260   2088   2317   2141   1886   2105   2029   2381   2069   2035   1866   1855   2351   2125   2225   1997   2221   2118   2256   1971   1946   2143   2144   1868   1726   

2170   1636   1805   1727   1627   2205   1969   1915   2044   1854   1982   1710   2120   1870   1860   2100   1868   1764   1909   1910   2208   2099   1929   1955   1835   1702   1992   1898   1928   1883   1770   1641   1743   1845   1768   1862   1888   1998   1920   1741   1673   1939   2176   1966   2134   1776   2211   1675   1837   1950   2151   1691   1687   2043   1701   1882   1971   2086   1744   1496   1831   1787   1880   2055   2011   1967   1984   1738   2053   1934   1826   1985   2142   1626   1930   1762   1912   2129   2034   1722   1892   1832   2020   1803   1696   1812   1868   2007   1902   2007   1830   1863   1766   2151   1645   1866   2025   2077   1626   1376   

2338   1714   1976   1760   1936   2089   2169   1935   2041   2056   1952   1849   2305   1999   1800   2127   1913   2003   2232   1842   2181   2178   2254   1851   1895   1937   1792   2038   1971   1869   1878   1816   1859   1914   1781   1869   1914   1944   1925   2060   1785   2153   2030   1898   2326   1874   2141   1857   1803   1972   2145   1801   1886   2203   1944   1852   2153   2043   1843   1591   1797   2034   2109   2095   1974   1991   2053   1837   2312   2145   1927   2050   2115   1653   2047   2010   1857   2086   2004   1910   1879   1928   2090   2008   1948   1855   1793   1997   1952   1964   1959   1903   1794   1959   1784   1758   2006   1724   1803   1423   

2680   2051   2071   2158   2146   2453   2296   2249   2327   2237   2278   2194   2479   2330   2021   2449   2229   2176   2430   2220   2586   2464   2391   2177   2162   2132   2375   2274   2211   2186   2117   2012   2018   2148   1990   2209   2229   2196   2298   2283   2048   2329   2403   2097   2602   2178   2221   2088   2075   2253   2367   2264   1967   2367   2193   2154   2290   2288   2173   1880   2264   2249   2352   2418   2238   2246   2373   2041   2593   2448   2156   2506   2490   1845   2317   2295   2367   2446   2431   2304   2192   2166   2302   2263   2096   2204   2069   2333   2208   2219   2120   2178   2174   2400   2001   1867   2295   2288   1844   1876   

2073   1781   1951   1853   2011   1980   2018   1782   1848   1912   1932   1862   2285   2012   1828   2055   1983   2062   2019   2009   2212   2129   1978   1870   1800   1974   1934   1815   2077   1869   1875   1849   1778   1887   1884   1754   1794   2061   2040   1999   1848   1977   2007   1826   2142   1902   1951   1807   1741   1979   2086   1911   1851   1975   1942   1891   2098   2039   1998   1650   1921   1909   1877   2031   2068   1976   1916   1763   2188   2023   2038   1978   1949   1628   2195   1797   1968   2065   2100   1785   1827   2024   2062   1871   1754   1861   1772   1938   1877   1797   1781   1939   1821   1889   1663   1661   1778   1907   1499   1500   

2176   1768   1807   1652   1836   2066   2075   1926   1873   1758   1801   1802   2125   1918   1845   2068   1939   1977   2107   1768   2134   2119   1912   1724   1821   1868   1889   1837   2009   1830   1938   1747   1928   1803   1787   1730   1826   1919   1862   1807   1591   2003   2133   1964   2082   1711   1978   1740   1695   1935   1928   1777   1803   2058   1814   1745   2092   1950   1941   1573   1776   1784   1784   2097   1846   2100   1924   1771   2163   1986   1894   2058   2071   1641   2002   1928   1925   2020   2032   1786   1704   1905   1932   1847   1781   1756   1794   1706   1752   1887   1637   1928   1813   2099   1700   1695   2044   1999   1540   1446   

2349   1762   1978   1951   1777   2094   2213   1872   1824   1794   2081   1804   2263   2107   1741   2209   1712   1881   2073   1948   2271   2272   2130   1963   1831   1943   1978   2020   2112   1908   1711   1852   1720   2109   2069   1775   1967   1881   2099   1937   1781   2130   2247   2178   2512   1877   1998   1907   1750   1827   2162   2020   1762   2155   1838   1877   2145   2216   2058   1669   1938   1985   2089   2101   2137   2016   2126   1885   2157   2147   1903   2224   2132   1695   2033   2015   1837   1967   2149   1784   1845   1833   1790   2040   1746   1815   1626   2000   1985   2041   1880   2082   2054   1949   1676   1755   2133   1916   1631   1575   

2152   1700   1801   1819   1905   2273   2108   1998   1972   2004   1818   1997   2100   1946   1915   2169   1870   1776   2085   1945   2103   2177   2020   2010   1669   2009   1922   1879   2013   1917   1922   1819   1903   1926   1867   1864   2093   2145   1807   2023   1705   2165   2180   1914   2390   1990   1966   1905   1959   2054   2069   1783   1812   2177   1657   1864   2134   1990   2091   1769   1879   1889   1897   2150   2134   1988   1876   1807   2202   2144   1845   2230   2093   1670   2023   2058   1945   2201   2193   1762   1935   1873   1969   1741   1895   1956   1859   1957   2014   2058   1765   2069   1824   1903   1738   1629   1936   1990   1606   1642   

2440   2062   2119   2116   2165   2318   2183   2091   2426   2293   2272   2080   2478   2420   2127   2323   2235   2245   2267   2167   2613   2485   2285   2189   2080   2059   2236   2308   2282   2152   2127   1940   1949   2036   2117   2136   2134   2307   2038   2157   2116   2160   2489   2192   2577   2181   2199   2096   2131   2273   2682   2144   2027   2387   2068   2023   2345   2294   2062   1814   2212   2209   2186   2279   2155   2211   2356   2044   2553   2392   2228   2465   2290   1777   2306   2252   2092   2614   2484   2032   2058   2078   2248   2044   2056   2152   2082   2321   2200   2336   2074   2001   2128   2163   1945   2045   2267   2228   1880   1686   

2583   2144   2187   2097   2291   2469   2461   2243   2377   2405   2202   2204   2694   2127   2163   2610   2118   2327   2436   2333   2720   2713   2432   2387   2201   2225   2353   2208   2424   2115   2201   2124   2240   2366   2159   2292   2311   2298   2209   2344   2111   2611   2508   2390   2713   2221   2285   2281   2233   2208   2522   2055   1830   2490   2135   2279   2527   2399   2321   1803   2033   2384   2391   2512   2342   2287   2341   2127   2692   2475   2193   2480   2308   2094   2306   2351   2386   2525   2523   2146   2192   2215   2444   2324   2195   2178   2257   2351   2351   2482   2213   2302   2224   2384   2188   2100   2405   2299   1934   1908   

2394   2055   2053   2156   2127   2485   2373   2111   2222   2156   2039   2083   2601   2273   2085   2501   2130   2348   2448   2089   2496   2476   2154   2311   1999   2128   2247   2100   2432   2150   2095   2067   2018   2092   2192   2287   2238   2341   2121   2006   2072   2402   2439   2135   2633   2176   2097   2151   2163   2180   2347   2106   1994   2238   2055   2172   2410   2420   2147   1881   2171   2214   2138   2524   2137   2315   2304   2083   2382   2425   2184   2454   2417   1935   2395   2445   2133   2254   2351   2107   1994   2078   2269   2149   2051   2158   2049   2240   2174   2142   2109   2310   2078   2336   1862   2055   2430   2298   1717   1829   

2395   2067   2161   1932   2065   2227   2254   1858   2122   2210   2115   2033   2372   2123   1951   2422   2101   2246   2268   2166   2439   2395   2254   2246   2128   2061   2236   2039   2340   2006   2182   2020   2162   2240   2028   2007   2296   2161   2210   2082   1992   2254   2371   2267   2418   2096   2244   1996   2032   2219   2568   2027   1934   2328   2035   2074   2179   2261   2319   1829   2050   2008   2164   2325   2200   2301   2358   2100   2345   2234   2199   2255   2269   1829   2289   2160   2157   2358   2369   1909   2040   2134   2274   2234   2108   2162   1923   2345   2228   2060   2018   2280   2107   2282   2015   1922   2240   2030   1650   1623   

2346   1795   1962   1907   1772   2174   2047   1819   1983   2023   1859   1846   2134   1800   1876   2177   1869   1915   2227   1886   2116   2084   2011   1886   1854   1906   2114   1920   2164   1767   1848   1880   1779   2001   1891   1927   2005   1959   1973   1893   1837   2086   2168   2015   2386   2099   2059   1894   1813   1988   2037   1760   1797   1971   1849   2075   2063   2114   2003   1691   1872   2003   2093   2217   2126   2115   2048   1801   2294   1980   1970   2048   2068   1650   2075   1906   1892   1999   2122   1834   1913   1975   2183   1942   1843   1938   1800   2043   1954   1973   1852   2029   1907   2095   1899   1833   1982   2029   1644   1656   

2072   1682   1889   1829   1873   2109   2021   1905   1936   2022   1920   1901   2143   1863   1737   2094   1819   1971   2014   1743   2181   2060   2031   1847   1630   1870   1876   2057   2058   1996   1731   1791   1727   1955   1990   1871   1947   1931   1998   1909   1910   1961   2107   1867   2163   1965   1986   1787   1899   1863   2046   1742   1694   2011   1830   1854   2006   2053   1986   1527   1817   2067   1994   2006   1911   1959   2050   1761   2233   2041   1811   2058   2025   1743   1981   2038   1806   2105   2109   1773   1932   1836   1874   1986   1723   1934   1848   1761   2000   1890   1840   1882   1719   1933   1705   1724   1952   1936   1691   1627   

2238   1756   1935   1870   1890   2183   2048   2023   2046   1931   1965   1954   2193   2029   1791   2024   1953   1983   2104   1828   2328   2183   1958   2014   1941   1788   2006   1951   2073   1910   1950   1812   1764   1836   2034   1886   1755   2070   1916   2014   1821   2119   2265   1963   2337   1999   1906   1875   1914   1895   2071   1947   1772   2042   1706   1951   2074   2049   1936   1703   1838   1994   1932   2086   2112   1965   2096   1878   2258   2033   1882   2161   2121   1688   2129   1914   1951   2209   2287   1772   1749   2007   2210   1869   1775   1900   1848   1920   1859   1852   1745   1907   1817   1938   1600   1919   2141   2145   1502   1630   

1880   1435   1621   1564   1706   1943   1838   1739   1851   1709   1670   1583   1948   1687   1633   1922   1769   1653   1992   1594   1926   1874   1738   1895   1701   1717   1699   1817   1840   1800   1577   1610   1607   1671   1631   1771   1692   1698   1708   1637   1599   1769   1911   1717   1924   1716   1947   1595   1592   1682   1949   1580   1471   1715   1784   1653   1896   1905   1699   1338   1686   1716   1702   1848   1753   1795   1837   1492   1832   1736   1751   1736   1870   1637   1738   1778   1674   2020   1809   1656   1599   1617   1799   1779   1501   1736   1635   1686   1656   1930   1732   1775   1703   1959   1642   1514   1798   1921   1527   1265   

2199   1691   1895   1851   1806   2193   2052   1976   2074   1906   2108   1881   2325   2084   2050   2121   1826   1845   2080   1847   2175   2257   2057   2015   1802   1908   2070   2057   2113   1929   1695   1783   1695   1893   1815   1968   2016   2101   1849   2082   1930   2031   2050   2063   2225   2066   2035   1798   1789   1886   2233   1847   1790   2003   1849   1869   2203   2092   2053   1569   1965   2161   1973   2025   2053   2051   2003   1786   2201   2190   1924   2109   1990   1740   2075   1917   1892   1994   2186   1862   1929   2000   1980   1952   1723   1887   1922   1889   2090   2017   1808   2072   1895   2023   1737   1710   2038   2139   1743   1638   

2158   1886   1818   1826   1853   1919   1994   1815   1978   1993   1972   1682   2169   1841   1815   2094   1840   1863   1930   1926   2157   2155   2037   2038   1910   1879   1911   1992   1956   1851   1871   1582   1856   1884   1749   1833   1976   1992   2034   2104   1834   2235   2033   1998   2064   1942   2126   1854   1768   1916   2235   1701   1526   2031   1945   1765   1990   1871   1814   1548   1778   1890   1990   2068   2096   1894   1950   1782   2330   2144   1963   2052   2058   1672   2086   1811   2009   2142   2081   1911   1938   1945   2066   1983   1676   1985   1905   2050   1864   1955   1847   1958   1853   2069   1908   1687   1990   2081   1557   1564   

2007   1691   1925   1814   1835   2134   1914   1757   2035   1870   1980   1806   2189   1931   1869   2173   1651   1923   1946   1795   2198   2139   2063   1888   1758   1828   1875   1910   1913   1916   1710   1759   1783   1838   1954   1995   1758   2022   1901   1818   1896   2112   2266   2069   2151   1923   1873   1824   1798   1917   2085   1789   1758   1894   1757   1786   2013   2029   1906   1620   1809   1932   2048   1889   2135   1952   1983   1824   1989   1939   1965   2076   1912   1697   1975   2004   1776   2013   2088   1643   1873   1924   2030   1767   1617   1779   1699   1879   1769   1960   1836   1960   1983   1720   1678   1696   1916   1938   1630   1449   

2234   1913   1847   1922   2030   2181   1987   1965   2075   2109   1864   1954   2317   1966   1942   2084   1956   1948   2049   1937   2302   2328   2155   2014   1888   1956   2147   2059   2091   1804   1980   1877   1792   1994   1829   1960   2062   2062   2008   2025   1790   2043   2131   2079   2200   1953   2228   1776   1854   1879   2184   1740   1824   2087   1978   1855   2191   2107   2018   1618   1841   2066   2015   2250   2055   1941   2074   1854   2132   2182   1828   2070   2098   1800   2086   2027   1965   2037   2248   1972   1800   2019   2041   1953   1837   1867   2077   2005   2121   2132   1761   2030   2027   1992   1800   1889   2048   2057   1648   1555   

2282   1744   1809   1807   1841   2184   2139   1913   1924   1906   1927   1923   2197   2049   1870   2165   1811   1841   2125   1853   2356   2143   2065   1805   1996   1871   2064   1938   1944   1860   1705   1725   1742   1946   2001   1931   1798   1831   1954   1985   1644   2113   2236   1889   2287   1897   1980   1789   1706   1904   2058   1823   1909   2154   1761   1764   2097   2175   1998   1678   1942   1907   1952   2087   2106   1981   1923   1801   2001   2033   1904   1948   2137   1689   1990   2077   1923   2078   1996   1729   1688   1917   2160   1887   1746   1725   1721   1923   1973   1940   1731   1812   1926   2102   1622   1765   1913   1925   1721   1683   

2239   1770   1812   1818   1753   2238   2057   1824   2120   1974   2033   1987   2255   1969   1804   2360   1874   1879   2197   2048   2208   2171   2139   2007   1832   1926   2134   1922   2020   1893   1839   1898   1770   1931   1791   1991   1983   2056   1951   1783   1827   2170   2237   1986   2324   1985   1999   1840   2033   2009   2269   1855   1852   2070   1872   2014   2094   2170   1960   1666   2008   2161   2010   2128   2121   2046   2044   1907   2194   2104   1996   2270   2040   1787   2148   2087   2068   2049   2145   1773   1942   2067   2183   1962   1969   1941   1906   2062   2008   1890   1882   2089   1931   2069   1810   1833   1959   1916   1635   1770   

2197   1800   1953   1917   1994   2396   2220   1939   2195   2080   2169   1822   2517   2224   1985   2298   1804   1922   2261   2040   2464   2439   2193   2147   2068   2029   2026   2080   2195   1826   1943   1911   2011   2074   2084   2227   2053   2233   2000   2024   1978   2213   2227   2140   2341   2239   2188   2065   1999   2175   2431   1836   1933   2251   1922   2024   2132   2393   2215   1691   1828   1999   2123   2192   2327   2009   2191   1985   2241   2187   2072   2278   2113   1742   2042   2175   1804   2212   2255   1745   1949   2044   2312   2085   2025   1961   2060   2183   2027   2235   2011   2070   1997   2131   1923   1937   2115   2063   1834   1545   

2408   2020   2023   1858   2150   2306   2098   2085   2113   2069   2035   1958   2300   2107   1932   2103   1995   1925   2322   2034   2212   2385   2208   2144   1851   1981   2130   2118   2190   1960   1854   1864   1769   2048   1877   1888   2047   2153   2080   2022   1778   2241   2121   2053   2354   2038   2069   1890   1846   2073   2120   1979   1870   2210   2000   1938   2257   2216   2025   1717   2148   2110   2172   2215   2199   2116   2135   1882   2269   2201   1994   2214   2300   1773   2136   2064   1931   2282   2118   1918   1783   2139   2075   1995   1815   1988   1942   2024   1962   2162   1946   2142   2072   2109   1792   1882   2104   2196   1650   1725   

2484   1915   2032   1974   1910   2343   2329   2111   2177   1961   2078   2141   2430   2161   1930   2349   2006   2079   2159   2269   2553   2361   2281   1983   1950   2042   2214   2106   2145   1987   2026   1897   1956   2265   2042   2216   2223   2167   2246   2237   1898   2275   2365   2228   2501   1961   2262   1947   2064   2188   2460   2023   1879   2308   2115   2128   2362   2347   2248   1877   2047   2158   2204   2250   2286   2032   2058   2168   2427   2459   2239   2377   2359   1978   2175   2216   2257   2230   2386   1954   2207   2147   2103   2047   1963   1937   2141   2162   2128   2185   2009   2035   2206   2172   1967   1749   2218   2148   1940   1853   

2252   1734   1821   1705   1824   2056   1961   1811   1924   1745   1838   1622   2032   1839   1768   2140   1875   1788   1985   1914   2048   2139   1971   1908   1836   1651   2087   1870   1890   1697   1770   1566   1854   1841   1856   1847   1880   1910   1943   1682   1634   2018   2122   1911   2140   1753   2063   1600   1767   1924   1983   1725   1488   2005   1670   1867   1997   1988   1782   1464   1902   1696   1913   2078   1764   1930   1892   1842   2015   1822   1733   2044   2054   1919   1978   1893   1877   2034   1928   1628   1632   1828   1837   1916   1645   1717   1735   1840   1968   2020   1688   1886   1857   2026   1607   1800   2009   1864   1501   1552   

2570   2005   2030   2237   2018   2389   2345   2304   2478   2172   2268   2077   2613   2328   2087   2419   2189   2136   2333   2191   2644   2615   2254   2196   2093   2135   2351   2151   2399   2110   2159   1947   2002   2149   2134   2297   2288   2327   2141   2219   2131   2268   2501   2208   2575   2116   2295   1946   2081   2281   2399   2131   1970   2371   2086   2169   2632   2432   2119   1863   2117   2229   2139   2322   2252   2106   2269   2198   2662   2367   2131   2493   2386   1832   2248   2253   1978   2357   2411   2018   2091   2001   2302   2164   2024   2130   2109   2113   2245   2350   2219   2207   2143   2329   2036   2038   2472   2219   2001   1965   

2488   2098   2089   2025   2212   2386   2166   2164   2375   2417   1943   2186   2445   2090   1891   2320   2094   2259   2528   2163   2443   2468   2493   2123   2148   2054   2208   2303   2263   1988   1982   1875   2033   2207   2180   2159   2313   2261   2445   2211   2050   2357   2374   2214   2489   2087   2367   2030   1976   2179   2466   2113   2200   2332   2279   2250   2365   2290   2273   1798   2040   2213   2096   2589   2283   2241   2310   1984   2470   2554   2230   2388   2357   2090   2331   2360   2212   2198   2377   2076   2020   2207   2101   2249   2065   2150   2126   2312   2148   2197   1984   2267   2323   2248   2254   1991   2291   2207   1899   1811   

2349   1845   2051   1813   2157   2293   2168   1945   2189   1994   2021   1886   2368   2039   1949   2214   1968   2037   2219   1990   2386   2221   1893   2058   1906   2028   1987   2050   2200   1903   2084   1863   1848   2157   1902   1972   2131   2267   2081   2005   1908   2254   2160   2032   2473   1972   2113   2049   2011   2219   2320   2071   1960   2251   1908   2015   2161   2050   2068   1800   1902   1985   1983   2121   2040   2037   2043   1985   2351   2195   1933   2372   2217   1790   2138   2155   1937   2330   2142   1933   1852   2015   2226   1824   1992   1980   1867   2090   1800   2083   1970   1962   1991   2073   1972   1896   2137   2009   1766   1626   

2297   1873   1992   2067   2068   2358   2203   2024   2062   2090   2216   1954   2292   2109   1957   2343   2096   2128   2222   2075   2394   2259   2104   2152   2021   1981   2144   2062   2124   2022   1965   1816   2073   2082   2060   2046   2163   2105   2308   2220   1927   2344   2314   2024   2449   1999   2150   1929   1981   2004   2100   2016   1766   2096   2008   2007   2230   2166   2062   1708   1989   1974   2026   2330   2267   2141   2049   2006   2500   2358   1993   2145   2265   1832   2158   2002   2232   2213   2211   1931   2033   2004   2223   2140   1778   2007   2026   2192   1973   2033   2120   2134   2040   2348   1826   1911   2128   2026   1575   1625   

2305   1732   1741   1918   1837   2137   2068   1801   2207   1965   2020   1892   2061   1851   1762   2200   1804   1910   2253   1820   2087   2195   1945   1958   1856   1849   1914   1912   2166   1866   1925   1668   1775   1899   1881   1882   2061   2034   1802   1741   1856   1893   2015   1938   2177   2024   1963   1777   1781   1840   2175   1784   1704   2009   1933   1866   2070   1885   1856   1545   1811   1760   1938   2038   1936   1869   2149   1883   2268   1957   1851   2066   1919   1662   1920   1987   1719   2057   2024   1625   1636   1774   1968   1896   1872   1904   1774   1824   1895   1972   1787   1996   1887   1920   1844   1783   1968   1863   1713   1480   

2340   1873   2072   2017   2270   2441   2354   2154   2231   2223   2204   2068   2499   2208   2041   2447   2011   2170   2366   2143   2415   2361   2265   2332   2000   2286   2285   2257   2274   2114   1979   1958   2011   2325   2121   2253   2269   2336   2210   2149   2092   2364   2494   2406   2531   2159   2276   2078   2151   2247   2417   1985   2037   2283   2106   2153   2483   2336   2341   1951   2062   2193   2156   2414   2225   2193   2331   1952   2351   2260   2027   2407   2304   2009   2307   2387   2107   2325   2422   2073   1941   2201   2240   2200   2002   2133   1941   2159   2143   2224   2031   2080   2188   2168   1975   2061   2118   2279   1818   1708   

2390   2063   2014   2033   2152   2241   2170   2083   2010   2244   1993   1941   2346   1996   1896   2229   2081   2030   2325   2065   2299   2401   2364   2208   1968   1955   2141   2237   2081   1976   2032   1846   2075   1985   2073   2077   2056   2251   2266   2186   1911   2241   2333   2075   2394   2086   2366   2004   2046   2120   2282   1939   1852   2300   1967   2076   2191   2334   2090   1587   2002   2122   2190   2254   2281   2214   2299   1820   2302   2212   2195   2306   2362   1874   2347   2225   2091   2196   2167   1851   2023   2156   2204   2201   1975   2058   2042   2184   2174   2230   1794   2122   2014   2159   1905   1876   2216   2171   1688   1749   

2412   1750   1893   1983   1926   2202   2129   1989   2023   2049   1965   2010   2067   2059   1835   2294   1942   2032   2412   1865   2260   2117   2205   2069   1856   1914   2058   2111   2160   1936   1885   1810   1932   2076   1956   1916   2179   2032   2059   2026   1896   2138   2145   1950   2349   2038   2125   1935   1949   2090   2212   1928   1920   2177   1970   1935   2188   2075   2068   1800   2033   1912   2102   2146   2097   2103   2064   1740   2364   2182   2108   2249   2385   1758   2179   2231   1942   2300   2113   1873   1982   1952   2154   1901   1905   1883   1784   1987   1840   1962   2026   2098   1930   2034   1891   2046   2041   2041   1707   1463   

2171   1813   1895   1986   1957   2320   2039   1882   2243   1995   2036   1868   2286   2091   1797   2159   1866   1970   2175   1981   2286   2376   2045   2072   1968   1977   2014   1929   2098   1988   1947   1867   1887   2070   2009   2169   1922   2235   2035   1989   1913   2217   2235   2106   2300   1936   1936   1847   1885   2096   2173   1797   1894   1917   1843   1920   2164   2127   2084   1728   1872   1993   2007   2270   2255   2070   2056   1797   2197   2286   1948   2170   2148   1880   2111   1974   1818   2191   2241   1862   1749   1857   2234   1975   1874   1825   1936   1967   1952   2153   1891   2065   1931   2041   1778   1938   1978   1975   1737   1651   

1934   1692   1715   1793   1732   1969   2056   1806   1784   1930   1674   1799   1987   1878   1711   1972   1752   1846   1954   1806   2212   2065   2040   1699   1807   1677   1817   1868   1949   1703   1843   1559   1756   1792   1711   1699   1957   1888   1891   1744   1760   1830   2100   1868   2247   1683   1958   1717   1751   1923   1974   1834   1666   2050   1757   1809   2006   1832   1839   1586   1975   1658   1844   1833   1934   1708   1721   1669   1923   1886   1814   2099   1894   1633   2005   2031   1878   1870   1978   1675   1859   1722   1794   1901   1762   1741   1616   1879   1879   1967   1677   2023   1745   1799   1848   1743   2121   1997   1616   1473   

2283   1801   2059   1836   1954   2178   2038   1969   2042   2134   1955   1801   2400   2081   1923   2212   1840   2067   2115   1933   2170   2329   2154   1968   1895   1941   2015   2018   2199   1777   1902   1933   1904   2086   1889   1891   2186   2178   2173   1907   1963   2133   2128   2063   2373   1979   1979   1882   1789   1895   2215   1863   1789   2085   1910   1861   2182   2055   2042   1620   1794   1952   1978   2245   2135   2030   2059   1786   2208   2251   1932   2223   2082   1738   2056   2109   1886   2100   2182   1966   1827   1983   2095   2077   1848   2000   1920   2197   1883   1940   1868   2087   2005   2112   1918   1877   1954   2070   1566   1439   

2093   1699   1734   1796   1788   1911   1894   1743   1876   1781   1890   1712   2097   1892   1829   1996   1743   1765   1789   1699   2139   1948   1949   1781   1728   1730   1933   1918   1900   1733   1757   1673   1609   1818   1874   1742   1839   1818   2015   1800   1749   1861   2014   1810   2101   1695   1853   1610   1761   1760   2040   1779   1586   1837   1688   1805   2000   1946   1602   1510   1936   1823   1836   1900   1845   1819   1768   1784   2120   2000   1774   2042   1957   1692   1986   1861   1815   1867   1947   1571   1752   1817   1792   1869   1642   1707   1817   1882   1874   1812   1691   1894   1768   1934   1609   1637   1806   1788   1554   1559   

2078   1733   1858   2055   1955   2160   2105   1961   2088   1994   2059   1898   2091   1862   1808   2171   2097   1998   2290   1843   2176   2208   2110   2018   1809   1919   1930   1974   2101   1803   1905   1635   1887   1935   1825   1831   1940   2073   1906   1878   1748   2025   2044   1950   2305   1975   1963   1765   1998   1834   2169   1885   1600   2021   1802   1759   2084   2009   1832   1575   1810   1660   2002   2180   2083   1927   2023   1674   2325   2126   1808   2193   2208   1618   2131   1934   1817   2287   2184   1752   1664   1856   2108   1872   1812   1915   1779   2009   1949   1892   2021   1975   1828   1897   1739   1768   2148   2010   1502   1546   

2194   1814   2058   1774   1847   2253   2035   1941   2066   1910   2110   1863   2126   2037   1865   2257   1841   1934   2004   1810   2194   2196   1908   2016   1905   1843   1922   1964   2061   1988   1903   1708   1906   1831   1849   2007   1922   2026   1926   1863   1788   2139   2171   2145   2438   1781   2043   1911   1862   2020   2064   1894   1630   2099   1814   1969   2114   2012   1955   1589   1884   1934   1988   2049   1942   2044   2097   1899   2314   2229   1983   2169   2093   1815   2004   2007   2050   2148   2136   1793   1833   2021   1941   1900   1800   1993   2026   1941   1870   2059   1732   1953   1932   2113   1786   1883   2182   2020   1573   1571   

2349   2027   2039   2008   2125   2321   2258   2025   2289   2337   2169   2083   2432   2245   2040   2256   2111   2091   2206   2221   2440   2354   2381   2218   1984   2183   2214   2056   2197   2019   2099   1910   1959   2123   2045   2153   2081   2109   2043   2101   1955   2405   2421   2263   2435   2206   2249   1973   2166   2138   2379   1990   1869   2401   1894   2101   2384   2259   1986   1777   2108   2285   2136   2296   2239   2084   2241   1994   2455   2063   2116   2243   2044   1926   2327   2221   2151   2324   2518   1923   1993   2231   2194   1917   1986   2035   2026   2078   2074   2275   2006   2056   2009   2035   1747   2033   2116   2128   1677   1670   

2261   1761   1918   2102   2009   2149   2186   1944   2048   2142   2065   1966   2123   2013   1755   2140   1938   1932   2222   1865   2212   2228   2099   1947   1899   2002   1990   2113   2140   2061   2046   1855   1763   2007   1985   1863   2080   2017   2117   2080   1785   2162   2264   1887   2367   2055   2154   1954   1917   1910   2227   1864   1748   2102   1953   1978   2188   2005   1994   1661   2099   2005   2027   2247   2120   2074   1995   1821   2263   2075   1983   2203   2150   1722   1984   2187   1919   2261   2072   1964   1944   1767   2103   2049   1815   1990   1794   2200   1975   2180   2016   2132   1898   2087   1823   1881   2081   1960   1659   1573   

2554   1958   2016   2051   2020   2258   2175   2212   2331   2067   2294   1986   2419   2180   1950   2402   2024   2181   2282   2109   2439   2536   2404   2111   2046   2102   2246   2281   2230   2113   1970   1906   2016   2189   2042   2223   2255   2153   2245   2160   2032   2284   2282   2220   2385   2209   2154   2032   2052   2139   2468   1992   1842   2246   2202   2036   2355   2260   2144   1765   2182   2302   2240   2280   2142   2244   2246   1916   2354   2355   2200   2429   2325   2092   2312   2188   2096   2326   2461   2023   2064   2005   2134   2202   1871   2130   2021   2100   2223   2404   2050   2257   2185   2309   2038   1941   2123   2255   1849   1776   

2244   1885   1906   2049   1810   2205   2049   1962   1965   2007   2110   2013   2180   2101   1792   2114   1963   1945   2135   1976   2377   2329   2037   2017   1818   2027   2232   1827   2086   2020   1972   1726   1788   2004   2029   2011   2025   2004   2036   1962   1773   2015   2166   1984   2275   1812   2075   1877   1907   1938   2033   1865   1725   2009   1780   1861   2071   1949   1914   1701   2084   1902   1983   2238   2106   2061   2191   1827   2208   2130   1950   2051   2150   1724   1999   1952   2091   2181   2131   2013   1954   1887   2098   2005   1736   2104   1954   1939   2039   1890   1817   2170   1991   2226   1652   1785   2032   2003   1565   1674   

2095   1604   1899   1843   1855   2181   2133   1892   2060   1989   2070   1786   2301   1997   1897   2144   1915   1837   2094   1829   2192   2238   1955   1949   1891   1915   1892   1950   2058   1979   1749   1643   1751   2066   1807   1822   1758   1974   1864   1822   1695   2014   2205   2041   2253   1910   1874   1738   1843   1967   2147   1935   1789   1966   1896   1908   2130   1985   1795   1565   1868   1981   1710   1962   2049   2025   1961   1828   2143   1919   1934   2182   1940   1625   2031   1929   1898   2064   2180   1706   1782   1831   2028   1806   1798   1808   1716   1990   1885   1995   1868   2057   1844   1955   1811   1802   2099   1889   1671   1445   

2225   1743   2004   1791   1979   2200   2121   1903   1944   1925   2015   1910   2266   2052   2001   2247   1785   1998   2230   1806   2315   2239   2116   1838   1860   1987   2005   2147   2186   1901   1905   1937   1916   2053   2016   2011   2024   2096   2181   2055   1942   2176   2120   1992   2244   2012   2104   1948   1775   2079   2209   1960   1993   2154   2046   1922   2147   2059   2107   1656   1999   1976   2066   2153   2172   2178   2011   1760   2211   2185   2060   2115   2294   1739   2054   2058   1950   2300   2080   1869   1966   1968   2084   1983   1889   1915   1885   1973   1948   2100   1769   1948   1963   2067   1761   1901   2101   2157   1727   1526   

2030   1701   1514   1700   1764   2089   1925   1809   1752   1784   1814   1853   1994   1837   1683   2088   1732   1800   2059   1739   2100   1952   1936   1788   1539   1869   1768   1686   1796   1746   1679   1632   1703   1697   1739   1783   1641   1732   1647   1729   1661   1861   1996   1652   2070   1958   1782   1838   1730   1721   1819   1626   1562   2064   1723   1799   1923   1857   1700   1533   1658   1789   1645   1855   1738   1821   1846   1829   1930   1701   1809   1998   1833   1579   1864   1982   1912   1779   1951   1628   1706   1765   1808   1708   1673   1776   1605   1832   1886   1948   1703   1714   1759   1735   1584   1536   1936   1734   1450   1413   

2647   1966   2117   2147   1849   2417   2348   2074   2195   1869   2353   2020   2423   2181   1938   2415   1985   2114   2354   2063   2558   2296   2242   2059   2153   2008   2166   2194   2343   2055   2015   2147   1959   2050   2137   2199   2174   2234   2164   2048   1920   2320   2365   2197   2525   2205   2277   2169   2017   2107   2350   1944   1933   2359   2052   2116   2178   2417   2106   1873   2151   2228   2370   2342   2305   2344   2217   2164   2386   2303   2154   2501   2315   1918   2178   2176   2084   2244   2287   1894   2147   2126   2306   2079   2148   2007   1949   2237   2117   2203   2115   2233   2061   2319   1974   2026   2287   2311   1896   1741   

2216   1922   2005   1926   1964   2194   2029   1961   2200   2089   2083   1850   2415   1970   1888   2149   1952   2147   2189   2033   2355   2365   2054   2022   1725   2150   1983   2010   2128   2064   2004   1883   1765   2138   1958   2110   2048   2141   2088   1952   1899   2368   2135   2177   2414   1937   1989   1960   1897   2035   2155   1839   1861   2057   1922   1910   2297   2080   1987   1724   1861   2165   2009   2382   2123   2088   2192   1849   2317   2216   1978   2158   2282   1718   2093   2012   1928   2233   2159   1997   1947   1762   2217   2101   1816   2040   1906   2051   1932   2154   2100   1931   2031   2128   1826   1792   2156   1972   1769   1623   

2390   1999   2025   1950   2069   2358   2201   1918   2168   2152   2269   2037   2367   2064   1989   2415   1877   2146   2185   1978   2350   2330   2379   2117   2015   1973   2352   2176   2168   1921   2054   1977   2048   2184   1975   2102   2126   2185   2235   2062   2045   2359   2222   2222   2462   1983   2247   2001   1939   2119   2483   1994   2014   2293   2132   2119   2388   2108   2005   1899   2233   2185   2257   2218   2289   2294   2292   1931   2471   2323   2067   2355   2418   2027   2268   2117   2085   2405   2296   1953   2056   1996   2269   2059   1995   1980   1858   2249   2111   2142   1959   2300   2017   2154   1969   1988   2301   1983   1865   1627   

2503   1984   2056   2184   2231   2502   2319   2073   2409   2287   2428   2049   2402   2245   2222   2306   2105   2127   2531   2225   2551   2597   2276   2398   1974   2346   2203   2147   2427   2132   2075   1890   1976   2293   2053   2291   2284   2396   2140   2210   2180   2341   2358   2302   2629   2387   2198   2093   2117   2206   2518   1981   2000   2414   2039   2171   2562   2174   2300   1914   2114   2385   2087   2315   2429   2231   2366   2048   2568   2398   2150   2446   2268   2016   2359   2139   2042   2506   2513   2060   1984   2108   2268   2187   2005   2212   2165   2166   2328   2467   2132   2201   2085   2242   1873   2083   2373   2145   1912   1803   

2095   1727   1807   1770   1902   2073   2064   1783   1889   1961   1848   1911   2111   1946   1770   1998   1948   1972   2000   1985   2157   2090   1989   1814   1728   1741   1925   2095   2003   1923   1750   1814   1754   1998   1892   1867   1883   1918   2013   1933   1718   1933   2165   1947   2002   1915   1934   1761   1960   1873   2128   1781   1744   1913   1968   1897   2095   2084   1985   1625   1946   2068   1996   2065   2041   1940   1998   1875   2114   2108   1867   2051   2108   1780   2065   1959   1831   2068   2104   1772   1891   1957   1927   1850   1600   1779   1746   1706   1944   1868   1754   1886   1871   1920   1668   1784   2021   2018   1670   1452   

2277   1826   1911   1995   2026   2262   1959   2030   2045   1982   2037   1874   2334   2093   2037   2178   2028   1955   2154   2140   2349   2309   2168   2097   1796   1965   2327   2159   2139   1876   1850   1701   1842   2088   2019   2003   2159   2161   2319   2100   2089   2114   2216   2042   2260   2012   1978   1933   1943   2202   2289   1859   1858   1976   1915   2013   2274   2027   2079   1769   2060   1850   1945   2288   2146   2020   1952   1832   2303   2264   1880   2190   2292   1755   2293   1979   1954   2190   2253   1815   1923   1959   2037   2109   1711   2036   1803   1985   2023   1992   2034   2119   1997   2144   1839   1851   2038   2185   1666   1677   

2064   1612   1708   1624   1895   1942   1940   1886   1763   1729   1620   1686   2057   1855   1714   1931   1807   1855   1965   1775   2014   2044   1863   1818   1760   1576   1833   1966   1959   1657   1570   1598   1834   1667   1903   1754   1747   1797   1781   1855   1543   1872   1842   1765   2002   1815   1940   1727   1615   1704   1796   1841   1611   2108   1744   1779   1967   1960   1796   1388   1679   1820   1848   1942   1833   1835   1799   1549   2040   1907   1966   1813   2022   1645   1971   1767   1910   2012   1936   1732   1749   1969   1896   1524   1612   1641   1849   1789   1757   1771   1610   1686   1727   1795   1574   1632   1964   2181   1512   1410   

2351   1813   1876   1830   1823   2202   1997   1869   2017   1958   1991   1970   2226   2028   1839   2023   1945   1959   1989   1864   2498   2088   1933   1927   1803   1843   1969   2152   2046   2031   1827   1810   1661   2073   1915   1974   1874   1936   2056   1974   1848   2048   2155   1870   2292   1864   1930   1886   1884   1910   2185   1866   1623   2102   1716   1893   2142   2111   1937   1629   1810   1888   1905   2061   1971   1947   2065   2042   2211   2041   1867   2055   2069   1707   1991   1917   1987   2044   2101   1734   1877   1919   2063   1736   1799   1845   1857   1868   1938   2034   1861   1755   1841   2016   1629   1788   2015   1946   1550   1530   

2123   1792   1994   1810   1969   2096   2247   1992   1900   1968   1942   1836   2292   1941   1641   2145   1942   2057   2153   1988   2254   2252   2097   2102   1930   1944   1981   1943   2182   1962   1992   1709   1904   2049   1931   1929   1969   2096   1987   2135   1855   2323   2285   2138   2313   1809   1991   1793   1871   2048   2175   1903   1689   2143   1749   1726   2106   2030   2075   1681   1850   1913   2046   2191   2296   1967   1971   1731   2290   2169   1941   2041   2180   1771   2079   1941   2026   2154   2341   1841   1807   1873   2028   2075   1864   1976   1984   2063   1896   2171   1964   2142   1967   2141   1816   1844   2035   2078   1536   1578   

2189   1791   1970   1874   1832   2142   2130   1805   2017   2101   1766   1681   2354   1946   1832   2066   1812   1912   2166   1945   2126   2218   2012   1876   1971   1817   1958   2067   1982   1652   1837   1692   1774   1880   2030   1967   1958   2061   1920   1997   1900   2071   2261   2037   2248   1991   2106   1833   1816   1969   2191   1905   1795   2101   1942   1902   2039   2196   1983   1544   1884   1891   2077   2077   2158   2046   1940   1669   2133   2163   2042   2164   2126   1721   2040   2007   1848   2117   2180   1821   1752   1842   2060   1961   1858   1859   1928   2263   1836   2116   1762   1994   1988   2017   1942   1779   2119   2234   1623   1583   

2631   1928   2170   2090   1953   2279   2080   2022   2347   2178   2153   2002   2301   2006   1887   2395   2103   2132   2448   2144   2500   2435   2202   1914   2089   1923   2379   2214   2157   1922   2135   1911   1908   2048   2018   2157   2168   2226   2161   2099   2001   2369   2388   2086   2489   2099   2046   1978   1891   2202   2354   2067   1900   2238   2084   1952   2287   2224   2009   1770   2148   2217   2218   2384   2151   2197   2014   2098   2470   2267   2230   2539   2204   1856   2244   2176   2099   2314   2312   2005   2022   2011   2187   2127   2105   1969   2032   2182   2046   2249   2014   2208   2014   2280   2082   2095   2198   2067   1833   1801   

2244   1775   1908   1815   2013   2242   2183   2077   2029   2005   1971   1820   2181   2007   1985   2141   1935   1948   2306   1970   2170   2328   2083   1984   1876   1953   2030   1854   2100   1818   1981   1759   1896   1937   1984   1752   2073   2182   1895   1947   1646   1991   2231   1937   2426   2080   2082   1842   1781   1960   2113   1984   1894   2118   1832   1992   2114   1989   2036   1578   1878   2089   1876   2169   2136   2038   2064   1639   2138   2167   2043   2228   2163   1774   2046   2002   1877   2337   2275   1886   1654   1914   2072   1957   1840   1913   1795   2007   1863   1999   1847   2052   1969   1944   1835   1806   2053   2175   1754   1607   

2344   1894   2039   1907   2066   2273   2198   2151   2396   2154   2289   2063   2413   2188   2044   2244   2084   2115   2302   2000   2479   2347   2221   2183   2012   2164   2035   2103   2145   2092   1836   1931   1850   2166   2041   2062   2185   2193   2095   2019   2045   2328   2331   2118   2470   2184   2242   1866   1964   2079   2302   2012   1888   2184   2136   2134   2302   2213   2074   1831   2067   2170   2051   2351   2244   2142   2180   1945   2269   2325   2038   2246   2243   1908   2200   2106   2012   2252   2522   1954   2048   1873   2183   2029   1954   2111   2055   2180   2072   2272   2371   2172   2111   2315   1989   1909   2273   2045   1793   1697   

2108   1629   2113   1823   1925   2178   2141   1851   2066   1938   1968   1885   2184   1981   1865   2138   2064   2075   2188   1968   2180   2086   2018   1913   1955   1900   1793   1910   2137   1982   1998   1769   1802   1837   1942   2069   2003   2023   2017   2004   1870   2305   2272   2000   2408   1901   2042   1899   1891   2083   2115   1968   1778   2115   1900   1975   2130   2161   1884   1588   2019   1988   1975   2152   1983   2000   1756   1738   2249   2220   2040   2205   2064   1839   2134   2057   1939   2164   2039   1852   1920   2001   2053   1886   1953   1861   1971   1984   1908   2072   1836   1993   1923   2101   1711   1912   2041   2009   1687   1611   

2328   1867   2081   2043   2086   2361   2311   2058   2091   2069   2106   1987   2400   1976   2064   2364   2129   2165   2318   2127   2458   2247   2230   2122   2044   2079   2193   1990   2229   1994   1985   1907   2024   2112   2048   2011   2094   2371   2068   2167   1981   2318   2323   2193   2485   2079   2122   2150   1951   2186   2314   2071   2015   2307   2026   2145   2285   2236   2233   1878   2101   2144   2005   2369   2261   2296   2108   1877   2396   2172   2163   2331   2300   1842   2375   2158   2102   2288   2388   1864   2116   2079   2154   2066   1974   2230   1873   2181   2119   1988   2036   2353   2017   2254   2038   2038   2354   2193   1903   1829   

2556   2022   2211   2228   2104   2483   2458   2258   2354   2161   2330   2148   2537   2318   2240   2634   2296   2246   2490   2249   2456   2702   2524   2131   2180   2299   2257   2238   2300   2194   2253   2053   2053   2178   2190   2197   2209   2378   2208   2198   1979   2493   2542   2262   2587   2294   2199   2114   2047   2247   2497   2189   2032   2502   2173   2019   2440   2404   2174   1804   2147   2237   2187   2488   2444   2346   2227   2068   2471   2361   2451   2491   2511   1939   2471   2254   2310   2404   2417   2075   2206   2213   2294   2127   2119   2124   2292   2392   2194   2354   2098   2305   2146   2374   2054   1970   2329   2353   1827   1741   

2238   1803   1816   1817   1960   2250   2082   1787   1997   2039   1893   1914   2187   1909   1929   2206   1983   1841   2281   2010   2329   2132   2004   2038   1888   1919   2071   1922   2073   1818   1772   1744   1928   2017   2010   2020   2152   2084   1966   2089   1930   2207   2150   1808   2278   2101   2055   1856   1879   2048   2051   1814   1893   2222   2006   1980   2128   2132   2033   1695   1940   2099   1888   2193   2092   2060   1872   1910   2189   2265   1986   2093   2105   1820   2129   2022   1920   2165   2147   1647   1845   2025   2039   1958   1902   1928   1894   1925   2051   2108   1859   2039   1969   2129   1906   1895   2023   2008   1749   1709   

2083   1814   1713   1570   1536   1860   1879   1716   1788   1869   1742   1798   1987   1815   1802   1948   1859   1844   1944   1695   2103   1994   2034   1664   1752   1780   1933   1781   1922   1675   1836   1654   1618   1892   1731   1648   1825   1781   1879   1772   1757   1949   2135   1830   2058   1765   1822   1534   1568   1898   2077   1624   1546   2065   1623   1744   2104   1935   1683   1487   1825   1828   1823   1795   1797   1808   1790   1748   2067   1828   1722   1904   1998   1672   1894   1696   1822   1964   1942   1618   1736   1714   1743   1766   1747   1710   1631   1724   1832   1924   1763   1856   1589   1795   1729   1737   2035   1836   1474   1446   

2682   1921   2247   2174   2198   2524   2455   2228   2342   2302   2209   2331   2467   2302   2165   2542   2281   2346   2411   2448   2656   2486   2318   2375   2243   2097   2394   2315   2231   2316   2111   1985   2128   2182   2238   2132   2272   2375   2273   2275   2138   2260   2687   2250   2556   2237   2307   1993   2181   2317   2393   2287   2013   2402   2106   2130   2467   2492   2258   1884   2254   2222   2301   2419   2349   2283   2305   2182   2637   2436   2230   2497   2414   2005   2351   2272   2408   2392   2400   2094   2229   2263   2338   2151   2035   2082   2146   2279   2401   2202   2136   2398   2341   2363   1872   2224   2382   2362   1971   1866   

2196   1793   1812   1790   2040   2138   2024   1957   1969   1980   1911   1849   2162   1953   1767   2177   1827   1812   2256   1940   2189   2165   2099   2036   1838   1960   1938   1930   1993   1812   1692   1825   1895   1819   1767   1941   1955   2025   1848   1994   1724   2256   1996   1973   2169   1929   2108   2056   1709   1894   2036   1867   1817   2042   1840   1893   2136   2122   1905   1728   1881   1970   1962   2176   2121   1969   2077   1712   2169   1985   2093   1994   2134   1727   2014   2056   1921   2005   2088   1865   1903   2018   2057   1735   1775   1930   1933   2014   1825   1932   1933   2050   1995   2077   1733   1927   1954   1915   1620   1497   

2369   1924   2142   1835   1964   2322   2088   1909   2092   1984   2046   1915   2389   2056   2139   2249   1895   2018   2203   2100   2358   2324   2058   2128   1923   1980   2195   2088   2223   1917   2007   1960   1868   2015   1966   2045   2187   2238   2131   1913   1902   2163   2270   2198   2361   2044   2188   2015   1927   2117   2318   1788   1828   2194   1819   2047   2157   2055   2111   1729   2006   1990   2122   2230   2160   2030   2050   1923   2117   2069   2001   2165   2051   1721   2144   2092   2019   2110   2210   1796   1984   2043   2125   2103   1974   2068   1880   2188   2042   2171   1899   2059   2109   2129   1828   1807   2090   2248   1720   1544   

2488   2028   1990   2016   2010   2224   2268   2225   2136   2120   2118   2144   2304   2144   1899   2421   1996   1982   2336   2066   2388   2520   2233   2175   1944   2086   2273   2244   2306   2018   2008   2001   1977   2093   2074   2071   2189   2062   2239   2081   1908   2122   2403   2158   2462   2140   2148   1954   2018   2034   2432   1954   1860   2257   2009   1951   2392   2349   2154   1658   2056   2140   2206   2277   2223   2217   2189   1914   2368   2293   2140   2325   2310   1953   2138   2246   2047   2373   2343   1957   1965   2064   2113   2100   1944   1970   2054   2259   2075   2311   2037   2160   2024   2251   1880   1965   2153   2170   1688   1654   

2169   1702   1629   1813   1789   1991   1915   1712   1760   1818   1861   1605   2048   2013   1775   2033   1720   1738   2054   1836   2110   2067   1953   1792   1818   1874   1888   1946   1935   1686   1794   1743   1583   1857   1819   1732   1990   1758   2031   1800   1785   1995   2112   1778   2218   1951   1869   1720   1610   1927   1996   1735   1782   2024   1808   1582   2050   1859   1808   1609   1934   1782   1857   1962   1933   1859   1785   1770   1960   1931   1756   2066   1970   1545   1901   1824   1768   1920   1881   1925   1744   1688   1864   1877   1711   1728   1557   1802   1830   1962   1738   1830   1832   2011   1676   1627   1734   1886   1462   1592   

2227   1718   1949   1678   1910   2137   1951   1853   1994   1780   1824   1660   2145   1889   1843   2027   1770   2003   2037   1805   2203   2043   1938   1930   1801   1862   1793   1960   1859   1816   1913   1745   1685   1912   1711   1908   1985   2042   1943   1870   1771   2205   2030   1921   2334   1911   2035   2034   1804   1952   2105   1831   1781   2077   1817   1884   1963   1980   1884   1589   1719   1939   1904   2035   1737   1935   1977   1767   1988   2087   1747   2098   2059   1744   2070   2055   1962   1983   2013   1904   1813   1957   2008   1870   1808   1874   1802   2000   1819   1968   1759   1935   1897   1913   1757   1753   1981   1921   1705   1433   

2147   1742   1893   1951   1879   2057   2049   1873   2021   1903   2051   1961   2228   1927   1969   2173   1943   1945   2218   1779   2235   2374   1939   2025   1803   1917   1948   2050   2004   1926   1756   1826   1705   1871   1835   1821   1911   2101   2038   1995   1793   2062   2205   2070   2289   2093   1923   1808   1831   1900   2131   1913   1769   1936   1959   1830   2214   2181   2022   1581   1891   2040   1889   1923   2006   1970   2054   1887   2201   2049   1984   2258   1990   1673   2073   1973   1933   2033   2225   1709   1817   2007   1981   1928   1857   1839   1744   1939   1981   1944   1739   1952   1994   1907   1674   1804   2055   1991   1585   1627   

2014   1575   1724   1712   1668   1865   1944   1724   1686   1574   1810   1743   1914   1639   1658   2077   1644   1737   1976   1652   2010   1947   1852   1588   1676   1798   1671   1729   1725   1676   1778   1553   1529   1813   1617   1686   1597   1833   1692   1760   1594   1930   1830   1720   2104   1835   1692   1784   1646   1853   1863   1606   1591   1847   1756   1686   1874   1867   1814   1631   1664   1689   1960   1975   1859   1740   1654   1562   1981   1745   1840   1991   1878   1435   1878   1767   1723   1866   1887   1573   1775   1805   1903   1658   1697   1740   1500   1823   1608   1797   1667   1681   1759   1726   1600   1507   1808   1761   1471   1474   

2308   1699   1891   1978   1824   2123   2077   1860   1972   1909   2010   1826   2240   2018   1884   2179   1840   1821   2091   1843   2194   2245   2063   1840   1830   1778   1940   2039   2129   1902   1748   1917   1821   1831   1833   2092   1961   2048   1942   2009   1709   2072   2129   2052   2275   2018   2222   1927   1859   1985   2217   1832   1842   2114   1893   1902   2023   2039   2015   1705   2010   2066   2137   2116   2121   1934   1996   1859   2095   2105   1925   2125   2152   1678   2094   2130   1824   2034   2080   1810   1810   2078   2007   1977   1735   2021   1814   1934   1889   2112   1854   1892   2040   2077   1806   1737   2161   2178   1776   1621   

2048   1760   1748   1948   1831   2174   2069   1869   1810   2009   2025   1887   2026   2085   1737   2117   1767   1802   2047   1785   2225   2181   2027   1955   1950   1840   1886   1944   1967   1860   1794   1638   1828   2030   1976   1866   2052   2039   1966   1964   1964   2132   2265   1830   2331   1886   2021   1959   1896   1976   2065   1713   1726   1896   1791   2023   2066   1942   1954   1699   2053   1755   1994   2005   2075   1974   2026   1768   2005   2092   1877   2097   2047   1684   2044   2054   1871   2095   2057   1794   1877   1843   2120   1991   1700   1898   1763   2062   1898   1932   1769   2073   1799   1900   1807   1789   1983   2017   1445   1470   

2105   1884   1740   1674   1788   2147   1999   1855   2087   1823   1875   1785   1977   2008   1710   2151   1759   1813   2191   1708   2176   2155   1972   1808   1943   1724   1950   1921   1893   1714   1749   1609   1882   1820   1889   1843   1819   2004   1963   1898   1662   2017   2090   1862   2143   1827   1973   1651   1663   1897   2074   1805   1801   2102   1902   1777   1939   2108   1830   1508   1817   1827   1975   1885   1969   1989   1902   1834   2172   2082   2049   2088   2054   1856   1953   1955   1863   2102   1950   1686   1703   2037   1949   1867   1734   1671   1885   1972   1713   1918   1628   1821   1732   1912   1713   1714   1895   1875   1575   1608   

2231   1999   1941   1941   2092   2117   2067   1852   1945   2184   1899   1750   2283   1977   1866   2102   2051   2140   2138   2146   2436   2247   2045   2101   1835   2016   2047   2146   2093   1910   1880   1682   1938   2063   2112   1983   1962   2019   2131   2046   1875   2108   2201   2068   2259   1952   2097   1854   1960   2079   2311   1952   1755   2063   1879   1879   2231   2099   1981   1688   1917   1980   1878   2212   2107   2087   2129   1964   2212   2104   2151   2186   2289   1777   2169   2072   2092   2247   2199   1836   1908   1779   2063   1879   1743   1937   1820   2098   1950   1999   2028   1981   2033   2132   1909   1792   2111   1845   1645   1529   

2102   1628   1873   1832   1830   2182   2119   1787   2079   1922   1890   1970   2169   1837   1851   2199   1851   1868   2080   1842   2065   2189   1969   1997   1907   1922   1919   1931   1924   1887   1735   1742   1855   1960   1705   1914   1845   1879   1872   1913   1796   2066   2168   1976   2300   1793   1895   1785   1945   1845   2104   1807   1565   1955   1791   1938   2169   1911   1938   1547   1772   1872   1981   2007   1985   1901   1939   1693   2143   2190   1883   2208   2035   1785   2063   1966   1882   2043   2064   1772   1671   1970   1908   1842   1685   1851   1749   1994   1871   1983   1699   1972   1934   1872   1725   1525   1936   1972   1544   1478   

